"id"	"long"	"lat"
1	-98.572964	26.286789
2	-97.972021	26.283743
3	-97.371214	26.278181
4	-99.174783	26.829066
5	-98.570952	26.828523
6	-97.967178	26.825404
7	-97.363543	26.819711
8	-80.832815	25.660757
9	-99.175626	27.370771
10	-98.568882	27.370216
11	-97.962197	27.367024
12	-97.355653	27.361197
13	-81.322177	26.249125
14	-80.75097	26.175306
15	-80.182007	26.099425
16	-99.786208	27.910304
17	-99.176493	27.912435
18	-98.566754	27.911866
19	-97.957074	27.9086
20	-97.347539	27.902638
21	-81.816086	26.838421
22	-81.240369	26.765068
23	-80.666882	26.689573
24	-80.095681	26.611973
25	-99.790179	28.451877
26	-99.177385	28.454055
27	-98.564565	28.453474
28	-97.951807	28.450134
29	-97.339196	28.444035
30	-96.726819	28.435182
31	-82.314739	27.428508
32	-81.734429	27.355732
33	-81.156332	27.280735
34	-80.580508	27.203551
35	-100.410109	28.988356
36	-99.794262	28.993405
37	-99.178301	28.995633
38	-98.562315	28.995039
39	-97.946392	28.991623
40	-97.330619	28.985386
41	-96.715086	28.976334
42	-96.099879	28.964469
43	-95.485086	28.949798
44	-82.233353	27.947159
45	-81.65056	27.872772
46	-81.070023	27.796118
47	-80.491804	27.717231
48	-104.124678	29.438454
49	-103.508159	29.460809
50	-102.890988	29.48032
51	-101.036448	29.521685
52	-100.417556	29.529728
53	-99.798458	29.534889
54	-99.179243	29.537167
55	-98.560003	29.536559
56	-97.940826	29.533067
57	-97.321804	29.526692
58	-96.703026	29.517437
59	-96.084582	29.505308
60	-95.466561	29.49031
61	-89.328964	29.185024
62	-82.149772	28.465547
63	-81.564433	28.389536
64	-80.981397	28.311209
65	-104.152211	29.97777
66	-103.532409	30.000617
67	-102.911941	30.020557
68	-102.290896	30.037579
69	-101.669364	30.051673
70	-101.047439	30.062834
71	-100.42521	30.071053
72	-99.80277	30.076329
73	-99.180212	30.078657
74	-98.557626	30.078036
75	-97.935106	30.074467
76	-97.312744	30.067951
77	-96.690632	30.058492
78	-96.068861	30.046095
79	-95.447524	30.030767
80	-94.82671	30.012516
81	-94.206512	29.99135
82	-93.587018	29.967283
83	-92.968319	29.940325
84	-92.350503	29.910491
85	-91.733658	29.877797
86	-91.117872	29.84226
87	-90.50323	29.803898
88	-89.889818	29.76273
89	-82.654185	29.058916
90	-82.063952	28.983664
91	-81.476005	28.906013
92	-80.890407	28.826
93	-104.8029	30.490716
94	-104.1805	30.517019
95	-103.557326	30.540363
96	-102.93347	30.560736
97	-102.309023	30.578129
98	-101.68408	30.59253
99	-101.058732	30.603934
100	-100.433075	30.612333
101	-99.807202	30.617723
102	-99.181206	30.620102
103	-98.555184	30.619467
104	-97.929229	30.61582
105	-97.303435	30.609163
106	-96.677897	30.599498
107	-96.052708	30.586831
108	-95.427962	30.571169
109	-94.803753	30.55252
110	-94.180172	30.530894
111	-93.557313	30.506303
112	-92.935267	30.478759
113	-92.314124	30.448277
114	-91.693975	30.414873
115	-91.074908	30.378564
116	-90.457012	30.33937
117	-89.840373	30.297311
118	-84.962592	29.860588
119	-83.164019	29.652733
120	-82.568799	29.57836
121	-81.975846	29.501503
122	-81.385227	29.422198
123	-105.46037	30.999454
124	-104.83541	31.02933
125	-104.209564	31.056198
126	-103.582926	31.080045
127	-102.955589	31.100857
128	-102.327649	31.118624
129	-101.699199	31.133336
130	-101.070336	31.144985
131	-100.441156	31.153565
132	-99.811755	31.159072
133	-99.182229	31.161502
134	-98.552675	31.160854
135	-97.92319	31.157128
136	-97.29387	31.150327
137	-96.664811	31.140453
138	-96.036111	31.127514
139	-95.407864	31.111514
140	-94.780166	31.092464
141	-94.153112	31.070372
142	-93.526796	31.045252
143	-92.901312	31.017115
144	-92.276752	30.985978
145	-91.653209	30.951856
146	-91.030774	30.914769
147	-90.409536	30.874734
148	-89.789585	30.831773
149	-89.171008	30.78591
150	-88.553893	30.737166
151	-87.938324	30.685568
152	-87.324385	30.631143
153	-86.712159	30.573917
154	-86.101727	30.51392
155	-85.493168	30.451183
156	-84.88656	30.385737
157	-84.281981	30.317615
158	-83.679503	30.24685
159	-83.079201	30.173478
160	-82.481146	30.097534
161	-81.885406	30.019056
162	-106.124762	31.50379
163	-105.497284	31.537355
164	-104.868806	31.567867
165	-104.239421	31.595307
166	-103.609224	31.619662
167	-102.978313	31.640918
168	-102.346783	31.659063
169	-101.714731	31.674089
170	-101.082257	31.685987
171	-100.449458	31.69475
172	-99.816432	31.700374
173	-99.183279	31.702856
174	-98.550097	31.702194
175	-97.916985	31.698389
176	-97.284043	31.691442
177	-96.651369	31.681359
178	-96.01906	31.668143
179	-95.387217	31.651802
180	-94.755935	31.632345
181	-94.125313	31.609783
182	-93.495447	31.584127
183	-92.866432	31.555392
184	-92.238363	31.523592
185	-91.611335	31.488746
186	-90.985441	31.45087
187	-90.360773	31.409985
188	-89.737422	31.366114
189	-89.115477	31.319278
190	-88.495027	31.269503
191	-87.87616	31.216814
192	-87.25896	31.161239
193	-86.643512	31.102806
194	-86.029899	31.041545
195	-85.418202	30.977488
196	-84.808501	30.910667
197	-84.200872	30.841115
198	-83.595393	30.768867
199	-82.992137	30.69396
200	-82.391177	30.616429
201	-81.792583	30.536314
202	-111.784318	31.595658
203	-111.166642	31.656985
204	-110.547125	31.715414
205	-109.925851	31.770914
206	-109.302906	31.823457
207	-108.67838	31.873015
208	-108.052361	31.919562
209	-107.424941	31.963073
210	-106.796211	32.003526
211	-106.166266	32.040899
212	-105.5352	32.075171
213	-104.903109	32.106326
214	-104.270089	32.134344
215	-103.636238	32.159213
216	-103.001655	32.180917
217	-102.366438	32.199446
218	-101.730687	32.21479
219	-101.094503	32.226939
220	-100.457986	32.235887
221	-99.821237	32.24163
222	-99.184358	32.244164
223	-98.547449	32.243488
224	-97.910612	32.239603
225	-97.273948	32.232509
226	-96.637559	32.222213
227	-96.001546	32.208717
228	-95.366007	32.192032
229	-94.731045	32.172164
230	-94.096758	32.149126
231	-93.463245	32.122929
232	-92.830605	32.093588
233	-92.198933	32.061119
234	-91.568328	32.025538
235	-90.938883	31.986866
236	-90.310694	31.945122
237	-89.683852	31.90033
238	-89.058451	31.852512
239	-88.43458	31.801694
240	-87.812328	31.747902
241	-87.191783	31.691165
242	-86.573031	31.631512
243	-85.956156	31.568974
244	-85.341241	31.503582
245	-84.728368	31.435371
246	-84.117614	31.364375
247	-83.509059	31.290629
248	-82.902776	31.214171
249	-82.298841	31.135038
250	-81.697325	31.053269
251	-113.094701	31.989507
252	-112.477687	32.057916
253	-111.858619	32.123434
254	-111.23758	32.186028
255	-110.614656	32.245666
256	-109.989933	32.302316
257	-109.3635	32.355948
258	-108.735448	32.406535
259	-108.105867	32.45405
260	-107.474851	32.498466
261	-106.842494	32.539761
262	-106.208891	32.577913
263	-105.574141	32.612901
264	-104.93834	32.644705
265	-104.301588	32.673309
266	-103.663984	32.698697
267	-103.02563	32.720856
268	-102.386627	32.739772
269	-101.747077	32.755436
270	-101.107082	32.76784
271	-100.466746	32.776976
272	-99.826173	32.782839
273	-99.185466	32.785426
274	-98.544729	32.784736
275	-97.904065	32.780769
276	-97.263579	32.773527
277	-96.623375	32.763015
278	-95.983555	32.749237
279	-95.344222	32.732202
280	-94.70548	32.711919
281	-94.067429	32.688399
282	-93.430172	32.661655
283	-92.793808	32.631702
284	-92.158438	32.598555
285	-91.524159	32.562232
286	-90.89107	32.522754
287	-90.259266	32.480142
288	-89.628842	32.434418
289	-88.999894	32.385606
290	-88.372512	32.333734
291	-87.746789	32.278827
292	-87.122813	32.220916
293	-86.500672	32.160029
294	-85.880453	32.0962
295	-85.262239	32.02946
296	-84.646114	31.959845
297	-84.032158	31.887389
298	-83.420451	31.812129
299	-82.811069	31.734104
300	-82.204087	31.653351
301	-81.599578	31.569912
302	-113.795909	32.441631
303	-113.177727	32.514347
304	-112.55736	32.584152
305	-111.93489	32.651009
306	-111.310403	32.714884
307	-110.683985	32.775744
308	-110.055725	32.833557
309	-109.425714	32.888291
310	-108.794044	32.939918
311	-108.160808	32.988411
312	-107.526102	33.033744
313	-106.890021	33.075891
314	-106.252665	33.11483
315	-105.614132	33.150541
316	-104.974523	33.183003
317	-104.333939	33.212199
318	-103.692481	33.238113
319	-103.050255	33.260731
320	-102.407363	33.28004
321	-101.76391	33.296029
322	-101.120002	33.30869
323	-100.475744	33.318015
324	-99.831243	33.324
325	-99.186604	33.326641
326	-98.541935	33.325937
327	-97.897341	33.321887
328	-97.252929	33.314495
329	-96.608805	33.303765
330	-95.965076	33.289701
331	-95.321847	33.272313
332	-94.679222	33.25161
333	-94.037307	33.227602
334	-93.396205	33.200304
335	-92.756019	33.169731
336	-92.11685	33.135899
337	-91.478801	33.098826
338	-90.84197	33.058533
339	-90.206457	33.015041
340	-89.572358	32.968375
341	-88.93977	32.918559
342	-88.308787	32.86562
343	-87.679502	32.809586
344	-87.052007	32.750486
345	-86.426391	32.688353
346	-85.802743	32.623218
347	-85.181148	32.555115
348	-84.561691	32.48408
349	-83.944454	32.410149
350	-83.329518	32.333359
351	-82.716961	32.25375
352	-82.106859	32.171362
353	-81.499287	32.086235
354	-116.955938	32.550703
355	-116.346763	32.63913
356	-115.734956	32.724792
357	-115.120593	32.807646
358	-114.50375	32.887651
359	-113.884505	32.964765
360	-113.262939	33.038949
361	-112.639136	33.110166
362	-112.013179	33.178377
363	-111.385156	33.243548
364	-110.755156	33.305644
365	-110.123269	33.364632
366	-109.489587	33.420481
367	-108.854206	33.473161
368	-108.21722	33.522644
369	-107.578727	33.568902
370	-106.938825	33.611912
371	-106.297616	33.651649
372	-105.6552	33.688091
373	-105.011681	33.721219
374	-104.367162	33.751015
375	-103.721748	33.777461
376	-103.075545	33.800543
377	-102.42866	33.820249
378	-101.7812	33.836567
379	-101.133272	33.849488
380	-100.484986	33.859005
381	-99.83645	33.865113
382	-99.187773	33.867809
383	-98.539065	33.86709
384	-97.890434	33.862957
385	-97.24199	33.855413
386	-96.593842	33.844461
387	-95.946098	33.830109
388	-95.298866	33.812363
389	-94.652255	33.791234
390	-94.006372	33.766734
391	-93.361322	33.738875
392	-92.717211	33.707675
393	-92.074144	33.673149
394	-91.432224	33.635316
395	-90.791553	33.594199
396	-90.152233	33.549818
397	-89.514362	33.502198
398	-88.87804	33.451366
399	-88.243363	33.397348
400	-87.610425	33.340173
401	-86.979322	33.279873
402	-86.350143	33.216478
403	-85.72298	33.150022
404	-85.097919	33.080541
405	-84.475048	33.00807
406	-83.854449	32.932648
407	-83.236206	32.854312
408	-82.620397	32.773102
409	-82.007102	32.68906
410	-81.396394	32.602229
411	-80.788348	32.51265
412	-117.063322	33.065335
413	-116.450974	33.155516
414	-115.835933	33.24288
415	-115.218275	33.327383
416	-114.598078	33.408983
417	-113.975422	33.487638
418	-113.350389	33.563307
419	-112.723065	33.635951
420	-112.093534	33.705532
421	-111.461887	33.772013
422	-110.828214	33.83536
423	-110.192607	33.895537
424	-109.555161	33.952514
425	-108.915972	34.006259
426	-108.275139	34.056744
427	-107.63276	34.10394
428	-106.988937	34.147822
429	-106.343773	34.188366
430	-105.697372	34.225549
431	-105.049839	34.259351
432	-104.40128	34.289753
433	-103.751804	34.316738
434	-103.101518	34.340291
435	-102.450532	34.360398
436	-101.798956	34.377049
437	-101.146901	34.390234
438	-100.494478	34.399946
439	-99.841798	34.406178
440	-99.188974	34.408929
441	-98.536117	34.408195
442	-97.883341	34.403978
443	-97.230755	34.39628
444	-96.578474	34.385105
445	-95.926607	34.370459
446	-95.275266	34.352352
447	-94.624561	34.330792
448	-93.974603	34.305792
449	-93.325499	34.277366
450	-92.67736	34.245531
451	-92.03029	34.210303
452	-91.384397	34.171702
453	-90.739785	34.129749
454	-90.096558	34.084469
455	-89.454818	34.035885
456	-88.814665	33.984024
457	-88.176198	33.928914
458	-87.539515	33.870585
459	-86.904711	33.809069
460	-86.27188	33.744399
461	-85.641113	33.676608
462	-85.012501	33.605732
463	-84.386131	33.53181
464	-83.762089	33.454879
465	-83.140459	33.374979
466	-82.521321	33.292151
467	-81.904756	33.206438
468	-81.29084	33.117883
469	-80.679647	33.026529
470	-80.071251	32.932423
471	-118.396096	33.387282
472	-117.173471	33.579608
473	-116.557877	33.671561
474	-115.939526	33.760646
475	-115.318495	33.846817
476	-114.694865	33.93003
477	-114.068716	34.010243
478	-113.440132	34.087414
479	-112.8092	34.161502
480	-112.176007	34.232468
481	-111.540645	34.300275
482	-110.903206	34.364887
483	-110.263785	34.426269
484	-109.622478	34.484387
485	-108.979384	34.53921
486	-108.334603	34.590709
487	-107.688238	34.638854
488	-107.040391	34.683619
489	-106.391168	34.72498
490	-105.740676	34.762913
491	-105.089023	34.797397
492	-104.436317	34.828413
493	-103.782669	34.855943
494	-103.128191	34.879973
495	-102.472994	34.900487
496	-101.817192	34.917475
497	-101.160898	34.930927
498	-100.504226	34.940836
499	-99.847291	34.947195
500	-99.190207	34.950001
501	-98.53309	34.949252
502	-97.876056	34.94495
503	-97.219217	34.937096
504	-96.56269	34.925694
505	-95.906589	34.910752
506	-95.251028	34.892278
507	-94.59612	34.870282
508	-93.941978	34.844777
509	-93.288714	34.815776
510	-92.636437	34.783298
511	-91.98526	34.747359
512	-91.335289	34.70798
513	-90.686633	34.665182
514	-90.039397	34.618991
515	-89.393686	34.56943
516	-88.749604	34.516528
517	-88.10725	34.460314
518	-87.466725	34.400817
519	-86.828127	34.338071
520	-86.191551	34.27211
521	-85.557092	34.202968
522	-84.92484	34.130682
523	-84.294886	34.055291
524	-83.667317	33.976835
525	-83.042218	33.895353
526	-82.419673	33.810889
527	-81.799761	33.723486
528	-81.182562	33.633188
529	-80.56815	33.540041
530	-79.9566	33.444091
531	-79.347983	33.345386
532	-117.902468	33.996892
533	-117.286451	34.093511
534	-116.667536	34.187256
535	-116.045799	34.278081
536	-115.421316	34.365938
537	-114.794171	34.450783
538	-114.164444	34.532572
539	-113.532223	34.611262
540	-112.897595	34.686811
541	-112.26065	34.75918
542	-111.62148	34.828329
543	-110.980181	34.894221
544	-110.336849	34.956821
545	-109.691583	35.016095
546	-109.044483	35.072009
547	-108.395653	35.124534
548	-107.745197	35.17364
549	-107.093221	35.2193
550	-106.439833	35.261488
551	-105.785142	35.300181
552	-105.129259	35.335356
553	-104.472296	35.366994
554	-103.814365	35.395077
555	-103.155582	35.419589
556	-102.496062	35.440515
557	-101.835919	35.457845
558	-101.175272	35.471567
559	-100.514237	35.481675
560	-99.852931	35.488162
561	-99.191474	35.491025
562	-98.529982	35.490261
563	-97.868574	35.485872
564	-97.207368	35.47786
565	-96.546481	35.466229
566	-95.886032	35.450987
567	-95.226138	35.432141
568	-94.566914	35.409703
569	-93.908476	35.383686
570	-93.250939	35.354104
571	-92.594417	35.320974
572	-91.939022	35.284315
573	-91.284866	35.244148
574	-90.63206	35.200495
575	-89.980711	35.153381
576	-89.330926	35.102832
577	-88.682813	35.048876
578	-88.036473	34.991543
579	-87.392009	34.930864
580	-86.749521	34.866874
581	-86.109107	34.799605
582	-85.470862	34.729096
583	-84.834882	34.655383
584	-84.201256	34.578507
585	-83.570075	34.498507
586	-82.941425	34.415426
587	-82.315391	34.329307
588	-81.692054	34.240194
589	-81.071496	34.148134
590	-80.453792	34.053173
591	-79.839018	33.955359
592	-79.227245	33.854741
593	-119.251158	34.303012
594	-118.637972	34.407193
595	-118.021672	34.50855
596	-117.402329	34.607033
597	-116.780018	34.70259
598	-116.154816	34.795175
599	-115.526801	34.884738
600	-114.896057	34.971234
601	-114.262668	35.054618
602	-113.626722	35.134845
603	-112.988307	35.211873
604	-112.347517	35.28566
605	-111.704445	35.356168
606	-111.059189	35.423356
607	-110.411847	35.48719
608	-109.76252	35.547634
609	-109.111313	35.604654
610	-108.458329	35.658218
611	-107.803676	35.708297
612	-107.147463	35.754863
613	-106.4898	35.797889
614	-105.8308	35.83735
615	-105.170575	35.873226
616	-104.509241	35.905494
617	-103.846915	35.934136
618	-103.183712	35.959137
619	-102.519751	35.980481
620	-101.855152	35.998157
621	-101.190035	36.012154
622	-100.524518	36.022463
623	-99.858725	36.02908
624	-99.192774	36.032
625	-98.526789	36.031221
626	-97.86089	36.026744
627	-97.195198	36.018572
628	-96.529835	36.006709
629	-95.864921	35.991162
630	-95.200576	35.97194
631	-94.536921	35.949054
632	-93.874072	35.922518
633	-93.212149	35.892347
634	-92.551268	35.858557
635	-91.891545	35.821169
636	-91.233094	35.780204
637	-90.576029	35.735684
638	-89.920459	35.687636
639	-89.266496	35.636086
640	-88.614247	35.581062
641	-87.963819	35.522597
642	-87.315316	35.460722
643	-86.66884	35.395471
644	-86.024492	35.32688
645	-85.382369	35.254987
646	-84.742568	35.17983
647	-84.105181	35.10145
648	-83.470301	35.019888
649	-82.838015	34.935188
650	-82.20841	34.847395
651	-81.58157	34.756554
652	-80.957575	34.662711
653	-80.336505	34.565916
654	-79.718435	34.466217
655	-79.103437	34.363665
656	-78.491584	34.258309
657	-77.882942	34.150204
658	-120.603011	34.589598
659	-119.99316	34.701351
660	-119.379982	34.810337
661	-118.763545	34.916502
662	-118.143919	35.019795
663	-117.521176	35.120162
664	-116.895392	35.217553
665	-116.266645	35.311918
666	-115.635016	35.403208
667	-115.000589	35.491374
668	-114.36345	35.576372
669	-113.723688	35.658155
670	-113.081395	35.73668
671	-112.436665	35.811904
672	-111.789595	35.883786
673	-111.140282	35.952288
674	-110.48883	36.017371
675	-109.83534	36.078999
676	-109.179919	36.137139
677	-108.522674	36.191756
678	-107.863716	36.242821
679	-107.203155	36.290304
680	-106.541106	36.334179
681	-105.877682	36.37442
682	-105.213001	36.411005
683	-104.547181	36.443912
684	-103.88034	36.473121
685	-103.212599	36.498618
686	-102.54408	36.520385
687	-101.874904	36.538411
688	-101.205196	36.552686
689	-100.535078	36.5632
690	-99.864674	36.569948
691	-99.19411	36.572926
692	-98.52351	36.572132
693	-97.852998	36.567566
694	-97.1827	36.559231
695	-96.512739	36.547133
696	-95.84324	36.531277
697	-95.174326	36.511674
698	-94.50612	36.488335
699	-93.838743	36.461273
700	-93.172317	36.430504
701	-92.506962	36.396047
702	-91.842796	36.35792
703	-91.179937	36.316145
704	-90.518501	36.270748
705	-89.858601	36.221753
706	-89.200351	36.169188
707	-88.543861	36.113084
708	-87.88924	36.053472
709	-87.236595	35.990384
710	-86.586032	35.923857
711	-85.937651	35.853927
712	-85.291554	35.780633
713	-84.647839	35.704014
714	-84.0066	35.624112
715	-83.367932	35.540969
716	-82.731925	35.454632
717	-82.098665	35.365144
718	-81.46824	35.272554
719	-80.840731	35.176909
720	-80.216218	35.078258
721	-79.594778	34.976653
722	-78.976486	34.872144
723	-78.361413	34.764784
724	-77.749628	34.654627
725	-120.128486	35.206151
726	-119.512066	35.317192
727	-118.892307	35.425364
728	-118.269282	35.530614
729	-117.643063	35.632888
730	-117.013728	35.732134
731	-116.381355	35.8283
732	-115.746028	35.921337
733	-115.107832	36.011195
734	-114.466854	36.097826
735	-113.823186	36.181184
736	-113.176921	36.261225
737	-112.528155	36.337904
738	-111.876986	36.411179
739	-111.223517	36.48101
740	-110.56785	36.547359
741	-109.910091	36.610187
742	-109.250349	36.66946
743	-108.588734	36.725145
744	-107.925358	36.777209
745	-107.260337	36.825622
746	-106.593785	36.870357
747	-105.925822	36.911388
748	-105.256567	36.948692
749	-104.58614	36.982246
750	-103.914665	37.01203
751	-103.242265	37.038029
752	-102.569064	37.060225
753	-101.895189	37.078607
754	-101.220766	37.093163
755	-100.545922	37.103885
756	-99.870785	37.110766
757	-99.195482	37.113803
758	-98.520142	37.112993
759	-97.844894	37.108337
760	-97.169864	37.099838
761	-96.495182	37.087501
762	-95.820974	37.071332
763	-95.147368	37.051343
764	-94.474489	37.027544
765	-93.802463	36.999949
766	-93.131415	36.968575
767	-92.461466	36.933439
768	-91.79274	36.894564
769	-91.125357	36.85197
770	-90.459436	36.805682
771	-89.795093	36.755728
772	-89.132445	36.702136
773	-88.471605	36.644937
774	-87.812685	36.584162
775	-87.155794	36.519847
776	-86.501039	36.452027
777	-85.848526	36.380741
778	-85.198357	36.306027
779	-84.550632	36.227928
780	-83.905449	36.146485
781	-83.262903	36.061743
782	-82.623085	35.973747
783	-81.986087	35.882545
784	-81.351993	35.788184
785	-80.72089	35.690715
786	-80.092858	35.590188
787	-79.467974	35.486654
788	-78.846316	35.380167
789	-78.227955	35.27078
790	-77.612961	35.158548
791	-77.001401	35.043527
792	-76.393339	34.925772
793	-120.883459	35.594466
794	-120.267217	35.710444
795	-119.647487	35.823563
796	-119.024336	35.933765
797	-118.397838	36.040995
798	-117.768067	36.145199
799	-117.135101	36.246322
800	-116.499021	36.344312
801	-115.859911	36.439117
802	-115.217857	36.530686
803	-114.57295	36.618972
804	-113.925282	36.703925
805	-113.274948	36.785501
806	-112.622047	36.863653
807	-111.96668	36.938339
808	-111.308949	37.009518
809	-110.648962	37.077148
810	-109.986826	37.141193
811	-109.322652	37.201615
812	-108.656554	37.258381
813	-107.988647	37.311457
814	-107.319048	37.360813
815	-106.647877	37.40642
816	-105.975255	37.448252
817	-105.301304	37.486285
818	-104.626149	37.520495
819	-103.949915	37.550862
820	-103.272731	37.57737
821	-102.594723	37.600002
822	-101.916022	37.618744
823	-101.236757	37.633585
824	-100.55706	37.644518
825	-99.87706	37.651534
826	-99.196891	37.65463
827	-98.516684	37.653804
828	-97.83657	37.649057
829	-97.156682	37.640391
830	-96.47715	37.627812
831	-95.798107	37.611326
832	-95.119682	37.590945
833	-94.442005	37.566679
834	-93.765206	37.538544
835	-93.089411	37.506556
836	-92.414748	37.470734
837	-91.741341	37.431099
838	-91.069315	37.387674
839	-90.398791	37.340485
840	-89.72989	37.289559
841	-89.062731	37.234925
842	-88.397429	37.176616
843	-87.7341	37.114664
844	-87.072856	37.049104
845	-86.413805	36.979975
846	-85.757057	36.907315
847	-85.102716	36.831164
848	-84.450884	36.751565
849	-83.801661	36.668561
850	-83.155144	36.582199
851	-82.511427	36.492525
852	-81.870602	36.399587
853	-81.232757	36.303435
854	-80.597979	36.204119
855	-79.966348	36.101692
856	-79.337946	35.996208
857	-78.712849	35.887719
858	-78.09113	35.776282
859	-77.47286	35.661952
860	-76.858107	35.544787
861	-76.246936	35.424844
862	-121.028971	36.096088
863	-120.409436	36.214215
864	-119.786327	36.329436
865	-119.159713	36.441692
866	-118.529667	36.550926
867	-117.896266	36.657083
868	-117.259588	36.760106
869	-116.619717	36.859941
870	-115.976736	36.956537
871	-115.330736	37.04984
872	-114.681807	37.1398
873	-114.030043	37.22637
874	-113.375543	37.3095
875	-112.718406	37.389145
876	-112.058736	37.465261
877	-111.396639	37.537804
878	-110.732222	37.606734
879	-110.065598	37.672011
880	-109.39688	37.733598
881	-108.726184	37.79146
882	-108.053628	37.845563
883	-107.379333	37.895874
884	-106.70342	37.942366
885	-106.026016	37.98501
886	-105.347245	38.023781
887	-104.667235	38.058657
888	-103.986117	38.089616
889	-103.30402	38.11664
890	-102.621076	38.139713
891	-101.937419	38.158821
892	-101.253182	38.173952
893	-100.568499	38.185098
894	-99.883506	38.192251
895	-99.198338	38.195408
896	-98.513131	38.194566
897	-97.82802	38.189726
898	-97.143142	38.180891
899	-96.45863	38.168066
900	-95.774621	38.151259
901	-95.091248	38.13048
902	-94.408645	38.105741
903	-93.726944	38.077058
904	-93.046276	38.044447
905	-92.366773	38.007929
906	-91.688562	37.967524
907	-91.01177	37.923256
908	-90.336524	37.875153
909	-89.662946	37.823241
910	-88.991158	37.767551
911	-88.321281	37.708117
912	-87.653431	37.644971
913	-86.987722	37.578151
914	-86.324269	37.507695
915	-85.663181	37.433642
916	-85.004565	37.356035
917	-84.348526	37.274917
918	-83.695166	37.190333
919	-83.044584	37.102329
920	-82.396877	37.010955
921	-81.752137	36.91626
922	-81.110455	36.818293
923	-80.471919	36.717109
924	-79.836611	36.61276
925	-79.204613	36.505301
926	-78.576004	36.394787
927	-77.950857	36.281276
928	-77.329244	36.164824
929	-76.096892	35.923334
930	-121.797288	36.473954
931	-121.178123	36.597148
932	-120.555228	36.717449
933	-119.92867	36.834797
934	-119.29852	36.949131
935	-118.664851	37.060394
936	-118.027741	37.168526
937	-117.38727	37.273473
938	-116.743521	37.375178
939	-116.096583	37.473586
940	-115.446544	37.568645
941	-114.793498	37.660303
942	-114.137542	37.748509
943	-113.478775	37.833214
944	-112.817299	37.914372
945	-112.153221	37.991937
946	-111.486648	38.065863
947	-110.817691	38.13611
948	-110.146466	38.202637
949	-109.473087	38.265406
950	-108.797674	38.324379
951	-108.120349	38.379522
952	-107.441234	38.430803
953	-106.760457	38.478192
954	-106.078144	38.52166
955	-105.394425	38.561181
956	-104.709432	38.596731
957	-104.023297	38.62829
958	-103.336156	38.655838
959	-102.648143	38.679359
960	-101.959396	38.698838
961	-101.270052	38.714263
962	-100.580249	38.725625
963	-99.890127	38.732918
964	-99.199825	38.736136
965	-98.509482	38.735277
966	-97.819239	38.730343
967	-97.129234	38.721336
968	-96.439608	38.708262
969	-95.750498	38.691129
970	-95.062044	38.669946
971	-94.374381	38.644728
972	-93.687647	38.615489
973	-93.001977	38.582247
974	-92.317505	38.545021
975	-91.634362	38.503835
976	-90.95268	38.458713
977	-90.272587	38.409682
978	-89.594211	38.356771
979	-88.917676	38.300011
980	-88.243105	38.239435
981	-87.570618	38.17508
982	-86.900334	38.106981
983	-86.232368	38.03518
984	-85.566832	37.959716
985	-84.903836	37.880633
986	-84.243489	37.797975
987	-83.585893	37.71179
988	-82.93115	37.622124
989	-82.279359	37.529028
990	-81.630614	37.432552
991	-80.985008	37.332749
992	-80.34263	37.229673
993	-79.703564	37.123378
994	-79.067893	37.01392
995	-78.435696	36.901357
996	-77.80705	36.785747
997	-77.182026	36.667148
998	-76.560694	36.545621
999	-121.953504	36.972189
1000	-121.331005	37.097629
1001	-120.704683	37.22013
1002	-120.074606	37.33963
1003	-119.440846	37.456068
1004	-118.803476	37.569383
1005	-118.162577	37.679517
1006	-117.518228	37.786412
1007	-116.870516	37.890009
1008	-116.219529	37.990254
1009	-115.565359	38.087092
1010	-114.9081	38.180469
1011	-114.247851	38.270334
1012	-113.584715	38.356636
1013	-112.918795	38.439327
1014	-112.2502	38.51836
1015	-111.57904	38.59369
1016	-110.90543	38.665272
1017	-110.229486	38.733067
1018	-109.551328	38.797033
1019	-108.871077	38.857133
1020	-108.188858	38.913332
1021	-107.504799	38.965597
1022	-106.819028	39.013895
1023	-106.131677	39.058198
1024	-105.442879	39.09848
1025	-104.75277	39.134716
1026	-104.061485	39.166884
1027	-103.369163	39.194963
1028	-102.675945	39.218938
1029	-101.98197	39.238794
1030	-101.28738	39.254517
1031	-100.592319	39.266099
1032	-99.896928	39.273533
1033	-99.201352	39.276813
1034	-98.505734	39.275938
1035	-97.810219	39.270909
1036	-97.114949	39.261727
1037	-96.420069	39.2484
1038	-95.725721	39.230936
1039	-95.032047	39.209344
1040	-94.339189	39.183639
1041	-93.647287	39.153835
1042	-92.956481	39.119952
1043	-92.266907	39.08201
1044	-91.578702	39.040031
1045	-90.892	38.994042
1046	-90.206934	38.94407
1047	-89.523634	38.890145
1048	-88.842229	38.832299
1049	-88.162844	38.770566
1050	-87.485603	38.704983
1051	-86.810628	38.635589
1052	-86.138035	38.562423
1053	-85.467942	38.485529
1054	-84.80046	38.40495
1055	-84.135699	38.320732
1056	-83.473766	38.232924
1057	-82.814765	38.141574
1058	-82.158794	38.046733
1059	-81.505953	37.948454
1060	-80.856334	37.846791
1061	-80.210028	37.741798
1062	-79.567121	37.633532
1063	-78.927699	37.522051
1064	-78.29184	37.407414
1065	-77.659621	37.289679
1066	-77.031117	37.168908
1067	-76.406397	37.045162
1068	-121.487708	37.597514
1069	-120.857892	37.722241
1070	-120.224225	37.843919
1071	-119.586779	37.962487
1072	-118.945632	38.077881
1073	-118.300861	38.190042
1074	-117.652551	38.298909
1075	-117.000787	38.404424
1076	-116.345659	38.50653
1077	-115.687262	38.60517
1078	-115.025692	38.700289
1079	-114.36105	38.791835
1080	-113.693439	38.879756
1081	-113.022967	38.964002
1082	-112.349744	39.044524
1083	-111.673884	39.121276
1084	-110.995503	39.194214
1085	-110.314721	39.263293
1086	-109.631661	39.328474
1087	-108.946448	39.389718
1088	-108.259209	39.446989
1089	-107.570076	39.500251
1090	-106.879181	39.549473
1091	-106.186658	39.594624
1092	-105.492646	39.635678
1093	-104.797283	39.672609
1094	-104.100709	39.705395
1095	-103.403068	39.734014
1096	-102.704503	39.758451
1097	-102.005159	39.778688
1098	-101.305181	39.794715
1099	-100.604717	39.80652
1100	-99.903914	39.814097
1101	-99.202921	39.81744
1102	-98.501884	39.816548
1103	-97.800952	39.811422
1104	-97.100274	39.802064
1105	-96.399997	39.78848
1106	-95.700268	39.770679
1107	-95.001234	39.748672
1108	-94.303041	39.722472
1109	-93.605832	39.692096
1110	-92.909751	39.657562
1111	-92.214939	39.618892
1112	-91.521538	39.576109
1113	-90.829684	39.52924
1114	-90.139514	39.478313
1115	-89.451162	39.423359
1116	-88.764761	39.364411
1117	-88.080439	39.301505
1118	-87.398323	39.234677
1119	-86.718537	39.163968
1120	-86.041204	39.089419
1121	-85.36644	39.011074
1122	-84.694362	38.928978
1123	-84.025081	38.843179
1124	-83.358708	38.753725
1125	-82.695347	38.660668
1126	-82.035101	38.564059
1127	-81.378069	38.463953
1128	-80.724347	38.360405
1129	-80.074026	38.253471
1130	-79.427196	38.14321
1131	-78.783941	38.02968
1132	-78.144343	37.912942
1133	-77.508479	37.793057
1134	-76.876425	37.670088
1135	-122.27769	37.966775
1136	-121.01495	38.223766
1137	-120.377621	38.34765
1138	-119.736415	38.468373
1139	-119.09141	38.585873
1140	-118.442685	38.700086
1141	-117.790326	38.810952
1142	-117.13442	38.91841
1143	-116.475059	39.022401
1144	-115.812338	39.122868
1145	-115.146357	39.219754
1146	-114.477217	39.313005
1147	-113.805025	39.402567
1148	-113.12989	39.488389
1149	-112.451926	39.570422
1150	-111.771249	39.648617
1151	-111.087978	39.722928
1152	-110.402236	39.793312
1153	-109.714149	39.859726
1154	-109.023845	39.922131
1155	-108.331456	39.980488
1156	-107.637115	40.034763
1157	-106.94096	40.084923
1158	-106.243129	40.130935
1159	-105.543764	40.172773
1160	-104.843006	40.21041
1161	-104.141002	40.243823
1162	-103.437897	40.272991
1163	-102.733841	40.297895
1164	-102.028981	40.318521
1165	-101.323468	40.334855
1166	-100.617455	40.346887
1167	-99.911092	40.354609
1168	-99.204532	40.358017
1169	-98.497928	40.357108
1170	-97.791432	40.351883
1171	-97.085198	40.342345
1172	-96.379377	40.328501
1173	-95.674121	40.310358
1174	-94.969581	40.287929
1175	-94.265907	40.261227
1176	-93.563248	40.230269
1177	-92.861751	40.195075
1178	-92.161562	40.155666
1179	-91.462825	40.112067
1180	-90.765683	40.064305
1181	-90.070275	40.012408
1182	-89.37674	39.95641
1183	-88.685213	39.896344
1184	-87.995827	39.832246
1185	-87.308712	39.764155
1186	-86.623995	39.692112
1187	-85.941801	39.61616
1188	-85.262252	39.536344
1189	-84.585466	39.452709
1190	-83.911557	39.365306
1191	-83.240637	39.274184
1192	-82.572814	39.179396
1193	-81.908193	39.080995
1194	-81.246875	38.979038
1195	-80.588957	38.87358
1196	-79.934534	38.764679
1197	-79.283695	38.652397
1198	-78.636526	38.536792
1199	-77.993111	38.417927
1200	-77.353529	38.295865
1201	-75.45851	37.911138
1202	-122.445859	38.463087
1203	-121.812969	38.595425
1204	-121.175958	38.724686
1205	-120.534893	38.850803
1206	-119.88985	38.973711
1207	-119.240907	39.093343
1208	-118.588145	39.209636
1209	-117.931649	39.322527
1210	-117.271509	39.431954
1211	-116.607819	39.537856
1212	-115.940676	39.640175
1213	-115.27018	39.738852
1214	-114.596436	39.833831
1215	-113.919553	39.925058
1216	-113.239643	40.01248
1217	-112.556821	40.096045
1218	-111.871207	40.175704
1219	-111.182924	40.25141
1220	-110.492096	40.323117
1221	-109.798853	40.390783
1222	-109.103327	40.454366
1223	-108.405653	40.513827
1224	-107.70597	40.56913
1225	-107.004416	40.620241
1226	-106.301136	40.667128
1227	-105.596273	40.709762
1228	-104.889977	40.748116
1229	-104.182395	40.782166
1230	-103.473679	40.81189
1231	-102.763981	40.837271
1232	-102.053456	40.858291
1233	-101.342257	40.874937
1234	-100.630542	40.887199
1235	-99.918466	40.89507
1236	-99.206188	40.898543
1237	-98.493864	40.897616
1238	-97.781651	40.892291
1239	-97.069709	40.882571
1240	-96.358192	40.868461
1241	-95.647258	40.849972
1242	-94.937062	40.827114
1243	-94.227759	40.799902
1244	-93.519502	40.768354
1245	-92.812443	40.732489
1246	-92.106732	40.692329
1247	-91.402518	40.647901
1248	-90.699948	40.599232
1249	-89.999164	40.546352
1250	-89.30031	40.489293
1251	-88.603524	40.428092
1252	-87.908943	40.362785
1253	-87.216701	40.293412
1254	-86.526929	40.220015
1255	-85.839754	40.142639
1256	-85.155301	40.061329
1257	-84.473691	39.976134
1258	-83.795042	39.887104
1259	-83.119468	39.794291
1260	-82.447079	39.697748
1261	-81.777982	39.59753
1262	-81.11228	39.493695
1263	-80.450074	39.386301
1264	-79.791458	39.275408
1265	-79.136523	39.161077
1266	-78.485359	39.04337
1267	-77.838048	38.922351
1268	-77.194671	38.798084
1269	-76.555305	38.670635
1270	-75.92002	38.54007
1271	-75.288887	38.406457
1272	-123.250402	38.820972
1273	-122.618215	38.95872
1274	-121.98173	39.093414
1275	-121.341016	39.224985
1276	-120.696143	39.353363
1277	-120.047186	39.478483
1278	-119.394223	39.600276
1279	-118.737337	39.718676
1280	-118.076615	39.83362
1281	-117.412149	39.945043
1282	-116.744033	40.052883
1283	-116.072366	40.157079
1284	-115.397251	40.257573
1285	-114.718795	40.354306
1286	-114.03711	40.447221
1287	-113.352308	40.536265
1288	-112.66451	40.621385
1289	-111.973837	40.70253
1290	-111.280414	40.779652
1291	-110.584371	40.852703
1292	-109.885841	40.921639
1293	-109.184958	40.986418
1294	-108.481862	41.047
1295	-107.776694	41.103348
1296	-107.069599	41.155426
1297	-106.360724	41.203201
1298	-105.650218	41.246643
1299	-104.938233	41.285726
1300	-104.224923	41.320423
1301	-103.510442	41.350713
1302	-102.79495	41.376577
1303	-102.078603	41.397998
1304	-101.361563	41.414962
1305	-100.643989	41.427458
1306	-99.926044	41.435478
1307	-99.207889	41.439017
1308	-98.489687	41.438073
1309	-97.771601	41.432647
1310	-97.053793	41.422741
1311	-96.336424	41.408362
1312	-95.619656	41.38952
1313	-94.90365	41.366227
1314	-94.188564	41.338497
1315	-93.474558	41.306348
1316	-92.761786	41.269802
1317	-92.050406	41.22888
1318	-91.340568	41.18361
1319	-90.632424	41.134019
1320	-89.926123	41.080139
1321	-89.22181	41.022004
1322	-88.519629	40.95965
1323	-87.81972	40.893115
1324	-87.122221	40.822441
1325	-86.427265	40.74767
1326	-85.734985	40.668848
1327	-85.045507	40.586024
1328	-84.358956	40.499245
1329	-83.675452	40.408564
1330	-82.995113	40.314034
1331	-82.318051	40.215711
1332	-81.644375	40.113651
1333	-80.974191	40.007913
1334	-80.3076	39.898557
1335	-79.644699	39.785643
1336	-78.985582	39.669236
1337	-78.330338	39.549399
1338	-77.679052	39.426198
1339	-77.031805	39.299698
1340	-75.749733	39.037072
1341	-123.430603	39.313474
1342	-122.794866	39.453652
1343	-122.15472	39.590732
1344	-121.510233	39.724642
1345	-120.861477	39.855312
1346	-120.208526	39.982672
1347	-119.551461	40.106655
1348	-118.890365	40.227191
1349	-118.225327	40.344215
1350	-117.556439	40.457662
1351	-116.883798	40.567468
1352	-116.207505	40.673569
1353	-115.527664	40.775905
1354	-114.844385	40.874417
1355	-114.157782	40.969046
1356	-113.467971	41.059737
1357	-112.775074	41.146435
1358	-112.079216	41.229089
1359	-111.380525	41.307647
1360	-110.679135	41.382063
1361	-109.975181	41.45229
1362	-109.268802	41.518284
1363	-108.560142	41.580005
1364	-107.849346	41.637413
1365	-107.136563	41.690473
1366	-106.421943	41.739151
1367	-105.705642	41.783415
1368	-104.987815	41.823237
1369	-104.26862	41.858593
1370	-103.548219	41.889458
1371	-102.826773	41.915813
1372	-102.104445	41.937641
1373	-101.381402	41.954928
1374	-100.657808	41.967662
1375	-99.933831	41.975835
1376	-99.209638	41.979441
1377	-98.485396	41.978479
1378	-97.761273	41.972949
1379	-97.037437	41.962855
1380	-96.314055	41.948203
1381	-95.591293	41.929002
1382	-94.869316	41.905266
1383	-94.14829	41.87701
1384	-93.428377	41.844251
1385	-92.709739	41.807012
1386	-91.992535	41.765315
1387	-91.276923	41.719189
1388	-90.563058	41.668662
1389	-89.851093	41.613767
1390	-89.141179	41.554538
1391	-88.433462	41.491013
1392	-87.728087	41.423231
1393	-87.025196	41.351235
1394	-86.324926	41.275069
1395	-85.627412	41.19478
1396	-84.932785	41.110417
1397	-84.241173	41.022031
1398	-83.552698	40.929675
1399	-82.867481	40.833404
1400	-82.185636	40.733275
1401	-81.507276	40.629346
1402	-80.832508	40.521677
1403	-80.161435	40.410331
1404	-79.494157	40.29537
1405	-78.830768	40.176859
1406	-78.171359	40.054863
1407	-77.516016	39.92945
1408	-76.864822	39.800687
1409	-76.217855	39.668644
1410	-75.575188	39.533391
1411	-74.93689	39.394998
1412	-123.615273	39.805224
1413	-122.975923	39.947863
1414	-122.33205	40.087359
1415	-121.683719	40.223638
1416	-121.031004	40.35663
1417	-120.373981	40.486261
1418	-119.71273	40.612463
1419	-119.047336	40.735165
1420	-118.377889	40.854299
1421	-117.704482	40.969798
1422	-117.027216	41.081597
1423	-116.346191	41.189631
1424	-115.661515	41.293837
1425	-114.9733	41.394154
1426	-114.281662	41.490523
1427	-113.58672	41.582885
1428	-112.888599	41.671186
1429	-112.187427	41.755371
1430	-111.483337	41.83539
1431	-110.776463	41.911191
1432	-110.066946	41.982729
1433	-109.354929	42.049958
1434	-108.640559	42.112835
1435	-107.923986	42.171322
1436	-107.205363	42.22538
1437	-106.484845	42.274975
1438	-105.762592	42.320074
1439	-105.038764	42.360649
1440	-104.313525	42.396674
1441	-103.58704	42.428123
1442	-102.859477	42.454978
1443	-102.131004	42.47722
1444	-101.401791	42.494835
1445	-100.672011	42.507811
1446	-99.941834	42.516139
1447	-99.211435	42.519814
1448	-98.480985	42.518834
1449	-97.750658	42.513199
1450	-97.020627	42.502913
1451	-96.291065	42.487982
1452	-95.562143	42.468418
1453	-94.834033	42.444231
1454	-94.106903	42.415439
1455	-93.380922	42.38206
1456	-92.656257	42.344117
1457	-91.933073	42.301633
1458	-91.211531	42.254637
1459	-90.491792	42.203159
1460	-89.774013	42.147232
1461	-89.058349	42.086891
1462	-88.344952	42.022176
1463	-86.21983	41.802206
1464	-85.516952	41.720427
1465	-84.817049	41.634502
1466	-84.120251	41.544484
1467	-83.426686	41.450428
1468	-82.736475	41.352389
1469	-82.049736	41.250427
1470	-81.366585	41.144602
1471	-80.68713	41.034975
1472	-80.011476	40.92161
1473	-79.339725	40.804572
1474	-78.671974	40.683927
1475	-78.008314	40.559743
1476	-77.348833	40.432089
1477	-76.693614	40.301034
1478	-76.042736	40.166649
1479	-75.396274	40.029006
1480	-74.754297	39.888178
1481	-123.804529	40.296199
1482	-123.161504	40.44133
1483	-122.513835	40.583274
1484	-121.86159	40.721954
1485	-121.20484	40.857298
1486	-120.543663	40.989232
1487	-119.878141	41.117683
1488	-119.208359	41.242581
1489	-118.534409	41.363855
1490	-117.856387	41.481436
1491	-117.174391	41.595257
1492	-116.488528	41.705252
1493	-115.798906	41.811356
1494	-115.105639	41.913506
1495	-114.408846	42.01164
1496	-113.70865	42.105701
1497	-113.005177	42.195629
1498	-112.298559	42.28137
1499	-111.588932	42.362871
1500	-110.876435	42.440081
1501	-110.161212	42.512951
1502	-109.44341	42.581434
1503	-108.72318	42.645488
1504	-108.000677	42.70507
1505	-107.276058	42.760143
1506	-106.549483	42.810671
1507	-105.821117	42.856619
1508	-105.091125	42.89796
1509	-104.359676	42.934664
1510	-103.62694	42.966708
1511	-102.89309	42.994071
1512	-102.158301	43.016734
1513	-101.422749	43.034683
1514	-100.686609	43.047905
1515	-99.950061	43.056391
1516	-99.213282	43.060136
1517	-98.476451	43.059137
1518	-97.739747	43.053395
1519	-97.003349	43.042914
1520	-96.267435	43.0277
1521	-95.532183	43.007765
1522	-94.797768	42.983121
1523	-94.064366	42.953784
1524	-93.332151	42.919775
1525	-92.601295	42.881115
1526	-91.871967	42.837831
1527	-91.144335	42.78995
1528	-90.418564	42.737505
1529	-89.694817	42.680528
1530	-88.973252	42.619058
1531	-88.254026	42.553134
1532	-86.111893	42.329072
1533	-85.403516	42.245779
1534	-84.698207	42.158268
1535	-83.996097	42.066593
1536	-83.297319	41.97081
1537	-81.222197	41.659405
1538	-80.537949	41.547791
1539	-79.857614	41.432378
1540	-79.181295	41.313234
1541	-78.509089	41.190426
1542	-77.84109	41.064023
1543	-77.177387	40.934096
1544	-76.518065	40.800717
1545	-75.863203	40.66396
1546	-75.212876	40.523896
1547	-74.567154	40.380601
1548	-123.998491	40.786376
1549	-123.351728	40.934032
1550	-122.700196	41.078455
1551	-122.043963	41.219568
1552	-121.383102	41.357297
1553	-120.71769	41.491564
1554	-120.047811	41.622297
1555	-119.373551	41.749422
1556	-118.695003	41.872867
1557	-118.012264	41.992561
1558	-117.325436	42.108434
1559	-116.634625	42.220419
1560	-115.939942	42.328449
1561	-115.241505	42.43246
1562	-114.539435	42.532388
1563	-113.833856	42.628173
1564	-113.124899	42.719755
1565	-112.4127	42.807077
1566	-111.697397	42.890085
1567	-110.979133	42.968726
1568	-110.258057	43.04295
1569	-109.534319	43.112709
1570	-108.808075	43.177958
1571	-108.079484	43.238655
1572	-107.348708	43.294759
1573	-106.615913	43.346235
1574	-105.881268	43.393048
1575	-105.144943	43.435166
1576	-104.407113	43.472563
1577	-103.667954	43.505212
1578	-102.927644	43.533092
1579	-102.186363	43.556183
1580	-101.444293	43.574471
1581	-100.701617	43.587943
1582	-99.958518	43.59659
1583	-99.215181	43.600406
1584	-98.47179	43.599388
1585	-97.72853	43.593538
1586	-96.985587	43.582858
1587	-96.243143	43.567357
1588	-95.501384	43.547044
1589	-94.76049	43.521934
1590	-94.020642	43.492044
1591	-93.282021	43.457393
1592	-92.544804	43.418005
1593	-91.809165	43.373906
1594	-91.075278	43.325126
1595	-90.343313	43.271696
1596	-89.613437	43.213653
1597	-88.885815	43.151034
1598	-88.160607	43.083881
1599	-86.001027	42.85566
1600	-85.287013	42.770829
1601	-84.576163	42.681706
1602	-83.868612	42.588348
1603	-83.164495	42.490811
1604	-79.699736	41.94262
1605	-79.01875	41.821339
1606	-78.341996	41.696335
1607	-77.66957	41.567682
1608	-77.001562	41.435452
1609	-76.338057	41.299718
1610	-75.679135	41.160555
1611	-75.024873	41.018038
1612	-74.375341	40.872245
1613	-73.730606	40.723251
1614	-123.54672	41.425943
1615	-122.891257	41.572879
1616	-122.230964	41.716459
1617	-121.565914	41.856604
1618	-120.896185	41.993239
1619	-120.221862	42.126286
1620	-119.543032	42.25567
1621	-118.859789	42.381317
1622	-118.172232	42.503155
1623	-117.480463	42.621112
1624	-116.784593	42.735118
1625	-116.084734	42.845104
1626	-115.381006	42.951005
1627	-114.673532	43.052755
1628	-113.96244	43.150292
1629	-113.247866	43.243554
1630	-112.529946	43.332483
1631	-111.808823	43.417022
1632	-111.084645	43.497118
1633	-110.357564	43.572719
1634	-109.627735	43.643775
1635	-108.895318	43.71024
1636	-108.160477	43.77207
1637	-107.423379	43.829225
1638	-106.684195	43.881665
1639	-105.943099	43.929357
1640	-105.200267	43.972267
1641	-104.45588	44.010368
1642	-103.710119	44.043632
1643	-102.963169	44.072038
1644	-102.215214	44.095566
1645	-101.466444	44.1142
1646	-100.717047	44.127927
1647	-99.967213	44.136737
1648	-99.217133	44.140625
1649	-98.466997	44.139588
1650	-97.716997	44.133627
1651	-96.967324	44.122745
1652	-96.218168	44.106951
1653	-95.469719	44.086254
1654	-94.722164	44.06067
1655	-93.975692	44.030216
1656	-93.230487	43.994912
1657	-92.486733	43.954783
1658	-91.744611	43.909855
1659	-91.004299	43.86016
1660	-90.265972	43.80573
1661	-89.529804	43.746602
1662	-88.795963	43.682814
1663	-88.064617	43.614411
1664	-85.887138	43.381962
1665	-85.167346	43.295567
1666	-84.450818	43.204807
1667	-83.737693	43.109737
1668	-83.028109	43.010419
1669	-78.851972	42.328868
1670	-78.170576	42.201639
1671	-77.493632	42.070703
1672	-76.821233	41.936136
1673	-76.153465	41.798014
1674	-75.490409	41.656413
1675	-74.832141	41.51141
1676	-74.178732	41.363085
1677	-73.53025	41.211515
1678	-123.74661	41.91704
1679	-123.087147	42.066523
1680	-122.42272	42.212603
1681	-121.753403	42.3552
1682	-121.079275	42.494235
1683	-120.400419	42.629629
1684	-119.716926	42.761306
1685	-119.028889	42.889189
1686	-118.33641	43.013203
1687	-117.639593	43.133275
1688	-116.93855	43.249333
1689	-116.233396	43.361307
1690	-115.524252	43.469127
1691	-114.811246	43.572729
1692	-114.094509	43.672046
1693	-113.374178	43.767016
1694	-112.650394	43.857578
1695	-111.923305	43.943675
1696	-111.193061	44.025251
1697	-110.459819	44.102252
1698	-109.723739	44.174627
1699	-108.984985	44.242329
1700	-108.243726	44.305313
1701	-107.500136	44.363535
1702	-106.754389	44.416958
1703	-106.006665	44.465544
1704	-105.257147	44.509261
1705	-104.506021	44.548078
1706	-103.753474	44.581969
1707	-102.999697	44.61091
1708	-102.244882	44.634882
1709	-101.489223	44.653868
1710	-100.732915	44.667854
1711	-99.976155	44.676831
1712	-99.219141	44.680793
1713	-98.462069	44.679736
1714	-97.705138	44.673662
1715	-96.948544	44.662575
1716	-96.192486	44.646482
1717	-95.437158	44.625395
1718	-94.682757	44.599328
1719	-93.929474	44.5683
1720	-93.177503	44.532331
1721	-92.427031	44.491448
1722	-91.678246	44.445677
1723	-90.931333	44.39505
1724	-90.186472	44.339601
1725	-89.443842	44.279369
1726	-88.703618	44.214393
1727	-87.965969	44.144717
1728	-85.770131	43.907969
1729	-85.044416	43.819984
1730	-84.322068	43.727559
1731	-83.603233	43.630751
1732	-82.888051	43.529622
1733	-78.680838	42.835806
1734	-77.994702	42.706316
1735	-77.31315	42.573065
1736	-76.636275	42.436128
1737	-75.964162	42.295583
1738	-75.296895	42.15151
1739	-74.63455	42.003987
1740	-73.977199	41.853096
1741	-73.324908	41.698916
1742	-72.67774	41.541531
1743	-72.03575	41.381021
1744	-123.951531	42.407298
1745	-123.288001	42.559363
1746	-122.619367	42.707978
1747	-121.945704	42.853061
1748	-121.267092	42.994531
1749	-120.583614	43.132307
1750	-119.895363	43.266311
1751	-119.202433	43.396463
1752	-118.504927	43.522687
1753	-117.802951	43.644907
1754	-117.096618	43.763049
1755	-116.386048	43.877042
1756	-115.671363	43.986814
1757	-114.952693	44.092297
1758	-114.230173	44.193424
1759	-113.503944	44.290131
1760	-112.77415	44.382354
1761	-112.040942	44.470035
1762	-111.304476	44.553116
1763	-110.564913	44.631541
1764	-109.822417	44.705259
1765	-109.077158	44.77422
1766	-108.329309	44.838377
1767	-107.579049	44.897687
1768	-106.82656	44.95211
1769	-106.072026	45.001607
1770	-105.315637	45.046144
1771	-104.557583	45.085691
1772	-103.79806	45.12022
1773	-103.037264	45.149707
1774	-102.275393	45.174131
1775	-101.51265	45.193476
1776	-100.749235	45.207726
1777	-99.985352	45.216873
1778	-99.221206	45.220909
1779	-98.457	45.219833
1780	-97.69294	45.213644
1781	-96.929229	45.202347
1782	-96.166073	45.18595
1783	-95.403672	45.164465
1784	-94.64223	45.137907
1785	-93.881945	45.106294
1786	-93.123017	45.069649
1787	-92.365641	45.027996
1788	-91.61001	44.981367
1789	-90.856314	44.929791
1790	-90.104741	44.873306
1791	-89.355475	44.81195
1792	-88.608695	44.745764
1793	-85.649905	44.433671
1794	-84.918116	44.34407
1795	-84.189805	44.249951
1796	-78.505217	43.342131
1797	-77.814245	43.210348
1798	-77.127992	43.074746
1799	-76.446553	42.935405
1800	-75.770015	42.792404
1801	-75.09846	42.645823
1802	-74.431967	42.495745
1803	-73.770607	42.342253
1804	-73.114447	42.185428
1805	-72.463547	42.025356
1806	-71.817966	41.86212
1807	-71.177753	41.695805
1808	-124.161623	42.89669
1809	-123.493957	43.051372
1810	-122.821043	43.202559
1811	-122.142955	43.350164
1812	-121.459773	43.494105
1813	-120.771584	43.634298
1814	-120.078478	43.770664
1815	-119.380554	43.90312
1816	-118.677913	44.031588
1817	-117.970665	44.155991
1818	-117.258925	44.276251
1819	-116.542814	44.392296
1820	-115.822458	44.504051
1821	-115.09799	44.611447
1822	-114.369547	44.714415
1823	-113.637274	44.812887
1824	-112.90132	44.906801
1825	-112.161838	44.996093
1826	-111.41899	45.080706
1827	-110.67294	45.160581
1828	-109.923859	45.235665
1829	-109.17192	45.305908
1830	-108.417304	45.37126
1831	-107.660193	45.431677
1832	-106.900776	45.487117
1833	-106.139243	45.537542
1834	-105.375791	45.582916
1835	-104.610615	45.623206
1836	-103.843919	45.658385
1837	-103.075905	45.688428
1838	-102.306778	45.713313
1839	-101.536748	45.733022
1840	-100.766023	45.747542
1841	-99.994813	45.756861
1842	-99.22333	45.760974
1843	-98.451786	45.759877
1844	-97.680392	45.753571
1845	-96.909361	45.742061
1846	-96.138903	45.725355
1847	-95.369227	45.703464
1848	-94.600544	45.676405
1849	-93.83306	45.644196
1850	-93.066979	45.606862
1851	-92.302505	45.564427
1852	-91.539837	45.516922
1853	-90.779172	45.464381
1854	-90.020703	45.40684
1855	-89.26462	45.34434
1856	-88.511109	45.276922
1857	-87.760351	45.204635
1858	-84.788338	44.867815
1859	-84.053915	44.771974
1860	-83.323237	44.6716
1861	-76.25193	43.433944
1862	-75.570883	43.28845
1863	-74.894965	43.139327
1864	-74.224252	42.986658
1865	-73.558816	42.830529
1866	-72.898725	42.671023
1867	-72.24404	42.508229
1868	-71.594816	42.34223
1869	-70.951104	42.173115
1870	-123.70516	43.542526
1871	-123.027891	43.69632
1872	-122.345299	43.846484
1873	-121.657463	43.992933
1874	-120.964471	44.135581
1875	-120.266414	44.274344
1876	-119.563391	44.409141
1877	-118.855507	44.539889
1878	-118.142873	44.666509
1879	-117.425605	44.788922
1880	-116.703827	44.907052
1881	-115.977667	45.020825
1882	-115.247262	45.130166
1883	-114.512753	45.235005
1884	-113.774287	45.335275
1885	-113.032017	45.430908
1886	-112.286102	45.52184
1887	-111.536707	45.608011
1888	-110.784	45.689363
1889	-110.028159	45.765838
1890	-109.269361	45.837386
1891	-108.507793	45.903955
1892	-107.743644	45.9655
1893	-106.977108	46.021978
1894	-106.208382	46.073347
1895	-105.437667	46.119573
1896	-104.665169	46.160621
1897	-103.891096	46.196462
1898	-103.115658	46.227071
1899	-102.339068	46.252426
1900	-101.561542	46.272507
1901	-100.783295	46.287301
1902	-100.004547	46.296797
1903	-99.225516	46.300988
1904	-98.446421	46.29987
1905	-97.667482	46.293445
1906	-96.888919	46.281717
1907	-96.110949	46.264695
1908	-95.333791	46.242391
1909	-94.55766	46.214821
1910	-93.78277	46.182006
1911	-93.009335	46.143969
1912	-92.237563	46.100737
1913	-91.467661	46.052341
1914	-90.699832	45.998816
1915	-89.934277	45.940199
1916	-89.171192	45.876533
1917	-88.410768	45.807862
1918	-87.653193	45.734233
1919	-84.654966	45.391207
1920	-83.914279	45.293614
1921	-76.052262	43.931723
1922	-75.366624	43.783699
1923	-74.686264	43.631996
1924	-74.011259	43.476699
1925	-73.341683	43.317895
1926	-72.6776	43.155673
1927	-72.019073	42.990118
1928	-71.366156	42.821322
1929	-70.7189	42.649371
1930	-123.921761	44.032795
1931	-123.240063	44.189236
1932	-122.552886	44.341997
1933	-121.86031	44.490991
1934	-121.162422	44.636131
1935	-120.459315	44.77733
1936	-119.75109	44.914504
1937	-119.037852	45.047569
1938	-118.319714	45.176443
1939	-117.596795	45.301044
1940	-116.869221	45.421295
1941	-116.137123	45.537118
1942	-115.40064	45.648439
1943	-114.659917	45.755183
1944	-113.915105	45.857281
1945	-113.16636	45.954664
1946	-112.413847	46.047266
1947	-111.657734	46.135024
1948	-110.898197	46.217879
1949	-110.135415	46.295771
1950	-109.369574	46.368648
1951	-108.600865	46.436458
1952	-107.829484	46.499152
1953	-107.05563	46.556686
1954	-106.279509	46.609019
1955	-105.501328	46.656113
1956	-104.721299	46.697933
1957	-103.939638	46.73445
1958	-103.156563	46.765637
1959	-102.372295	46.79147
1960	-101.587055	46.811931
1961	-100.80107	46.827005
1962	-100.014564	46.83668
1963	-99.227765	46.84095
1964	-98.4409	46.839811
1965	-97.654197	46.833264
1966	-96.867883	46.821315
1967	-96.082184	46.803971
1968	-95.297326	46.781245
1969	-94.513533	46.753155
1970	-93.731027	46.719721
1971	-92.950027	46.680968
1972	-92.17075	46.636923
1973	-91.393411	46.587619
1974	-90.618219	46.533091
1975	-89.845382	46.473379
1976	-89.075102	46.408525
1977	-88.307577	46.338575
1978	-87.543001	46.26358
1979	-86.781563	46.183591
1980	-86.023446	46.098664
1981	-75.157087	44.278125
1982	-74.472208	44.123803
1983	-73.79284	43.96584
1984	-73.119056	43.804325
1985	-72.450922	43.639346
1986	-71.788498	43.470995
1987	-71.131839	43.299362
1988	-123.457715	44.681278
1989	-122.765872	44.836676
1990	-122.068468	44.988255
1991	-121.365592	45.135925
1992	-120.657336	45.279599
1993	-119.943802	45.419189
1994	-119.225098	45.554608
1995	-118.501337	45.685773
1996	-117.772642	45.8126
1997	-117.039139	45.935008
1998	-116.300964	46.052917
1999	-115.558259	46.166251
2000	-114.811171	46.274934
2001	-114.059855	46.378893
2002	-113.304473	46.478058
2003	-112.545193	46.57236
2004	-111.782188	46.661735
2005	-111.015638	46.746121
2006	-110.24573	46.825458
2007	-109.472655	46.899689
2008	-108.69661	46.968763
2009	-107.917796	47.032628
2010	-107.136421	47.09124
2011	-106.352696	47.144554
2012	-105.566836	47.192534
2013	-104.779062	47.235142
2014	-103.989595	47.272347
2015	-103.198662	47.304122
2016	-102.406492	47.330444
2017	-101.613315	47.351292
2018	-100.819364	47.366652
2019	-100.024874	47.37651
2020	-99.23008	47.380861
2021	-98.435218	47.379701
2022	-97.640523	47.37303
2023	-96.846231	47.360854
2024	-96.052578	47.343182
2025	-95.259796	47.320026
2026	-94.468119	47.291406
2027	-93.677776	47.257341
2028	-92.888994	47.217856
2029	-92.101999	47.172983
2030	-88.976256	46.940308
2031	-88.201437	46.869057
2032	-85.896075	46.624705
2033	-85.134617	46.533247
2034	-84.376957	46.436889
2035	-74.942117	44.7717
2036	-74.25264	44.614721
2037	-73.568837	44.454053
2038	-72.89078	44.289786
2039	-72.218535	44.122013
2040	-71.55216	43.950826
2041	-70.891711	43.776319
2042	-70.237234	43.598584
2043	-123.681008	45.172419
2044	-122.984419	45.330493
2045	-122.2821	45.484697
2046	-121.574141	45.634938
2047	-120.860636	45.781126
2048	-120.141686	45.923171
2049	-119.417401	46.060984
2050	-118.687897	46.194479
2051	-117.953297	46.323569
2052	-117.213731	46.448172
2053	-116.469338	46.568204
2054	-115.720261	46.683588
2055	-114.966654	46.794244
2056	-114.208673	46.900098
2057	-113.446486	47.001078
2058	-112.680264	47.097113
2059	-111.910187	47.188135
2060	-111.13644	47.274081
2061	-110.359214	47.354889
2062	-109.578707	47.430502
2063	-108.795123	47.500864
2064	-108.00867	47.565924
2065	-107.219562	47.625634
2066	-106.428018	47.67995
2067	-105.634261	47.728832
2068	-104.838517	47.772244
2069	-104.041019	47.810152
2070	-103.241999	47.842528
2071	-102.441696	47.869348
2072	-101.640349	47.890591
2073	-100.838199	47.906242
2074	-100.035489	47.916287
2075	-99.232464	47.920721
2076	-98.429367	47.919538
2077	-97.626445	47.912741
2078	-96.823941	47.900334
2079	-96.022099	47.882327
2080	-95.221162	47.858733
2081	-94.421371	47.829571
2082	-93.622963	47.794862
2083	-92.826175	47.754633
2084	-92.03124	47.708913
2085	-91.238387	47.657738
2086	-88.092242	47.399299
2087	-73.339089	44.941306
2088	-72.656694	44.774248
2089	-71.980277	44.603641
2090	-71.309899	44.429579
2091	-70.645612	44.252158
2092	-69.987462	44.071472
2093	-123.910111	45.662629
2094	-123.208695	45.823421
2095	-122.501374	45.980291
2096	-121.788237	46.133144
2097	-121.06938	46.281888
2098	-120.344906	46.426429
2099	-119.614924	46.566676
2100	-118.879553	46.70254
2101	-118.138918	46.833933
2102	-117.393152	46.960769
2103	-116.642395	47.082963
2104	-115.886796	47.200433
2105	-115.12651	47.313099
2106	-114.361699	47.420884
2107	-113.592534	47.523712
2108	-112.819192	47.621512
2109	-112.041857	47.714213
2110	-111.26072	47.80175
2111	-110.47598	47.884059
2112	-109.687838	47.961079
2113	-108.896507	48.032755
2114	-108.1022	48.099033
2115	-107.305141	48.159865
2116	-106.505554	48.215203
2117	-105.703671	48.265006
2118	-104.899728	48.309238
2119	-104.093964	48.347863
2120	-103.286621	48.380852
2121	-102.477945	48.408181
2122	-101.668186	48.429828
2123	-100.857593	48.445775
2124	-100.046419	48.456012
2125	-99.234918	48.46053
2126	-98.423343	48.459325
2127	-97.611948	48.452398
2128	-96.800988	48.439755
2129	-95.990716	48.421406
2130	-95.181382	48.397365
2131	-94.373238	48.36765
2132	-93.56653	48.332284
2133	-92.761503	48.291294
2134	-91.958398	48.244712
2135	-88.769896	48.003228
2136	-71.061549	44.907218
2137	-70.393378	44.726843
2138	-69.731515	44.543167
2139	-69.075999	44.35629
2140	-123.438876	46.315429
2141	-122.726464	46.475008
2142	-122.008055	46.630516
2143	-121.283743	46.781857
2144	-120.553634	46.928936
2145	-119.817837	47.071659
2146	-119.076474	47.209935
2147	-118.329671	47.343671
2148	-117.577564	47.47278
2149	-116.820297	47.597174
2150	-116.058019	47.71677
2151	-115.290892	47.831483
2152	-114.51908	47.941235
2153	-113.74276	48.045948
2154	-112.962114	48.145546
2155	-112.17733	48.239959
2156	-111.388606	48.329118
2157	-110.596146	48.412957
2158	-109.80016	48.491414
2159	-109.000865	48.564431
2160	-108.198485	48.631952
2161	-107.393247	48.693927
2162	-106.585387	48.750309
2163	-105.775144	48.801053
2164	-104.962761	48.846121
2165	-104.148488	48.885479
2166	-103.332575	48.919094
2167	-102.515279	48.946942
2168	-101.696857	48.969001
2169	-100.877569	48.985252
2170	-100.057677	48.995684
2171	-99.237446	49.000287
2172	-98.417138	48.999059
2173	-97.597017	48.992001
2174	-96.777348	48.979117
2175	-95.958393	48.960419
2176	-95.140413	48.93592
2177	-70.806937	45.383709
2178	-70.134837	45.200337
2179	-69.469222	45.01363
2180	-68.81013	44.823689
2181	-68.157591	44.630613
2182	-123.675144	46.806487
2183	-122.957554	46.968819
2184	-122.233775	47.127025
2185	-121.503906	47.281008
2186	-120.768049	47.430668
2187	-120.026319	47.57591
2188	-119.278836	47.716639
2189	-118.52573	47.852761
2190	-117.767139	47.984184
2191	-117.003209	48.11082
2192	-116.234094	48.23258
2193	-115.459958	48.34938
2194	-114.680972	48.461137
2195	-113.897314	48.56777
2196	-113.109174	48.669204
2197	-112.316745	48.765362
2198	-111.52023	48.856176
2199	-110.71984	48.941576
2200	-69.869813	45.672603
2201	-69.200409	45.482823
2202	-68.537709	45.289775
2203	-67.881742	45.093563
2204	-67.23253	44.894288
2205	-123.91769	47.296562
2206	-123.194832	47.461692
2207	-121.730056	47.779311
2208	-120.98834	47.931597
2209	-120.240554	48.079403
2210	-119.486823	48.222629
2211	-118.727276	48.36118
2212	-117.962054	48.494961
2213	-117.191307	48.62388
2214	-116.415192	48.747847
2215	-115.633876	48.866773
2216	-114.847535	48.980574
2217	-69.598122	46.1436
2218	-68.924895	45.950703
2219	-68.258559	45.754507
2220	-67.599141	45.555117
2221	-124.166711	47.785621
2222	-123.438497	47.953595
2223	-121.96239	48.276737
2224	-121.214701	48.431696
2225	-120.460738	48.582111
2226	-119.700626	48.72788
2227	-118.934497	48.868905
2228	-69.319575	46.613286
2229	-68.642492	46.417229
2230	-67.972494	46.217842
2231	-124.422414	48.273628
2232	-122.201115	48.773255
2233	-121.447337	48.930935
2234	-69.033973	47.08162
2235	-68.353004	46.882357
