"coopID"	"long"	"lat"	"elev"
11084	-87.0547	31.0581	25.9
12813	-87.8808	30.5467	7
13160	-88.1342	32.8347	38.1
13511	-87.5808	32.7017	67.1
13816	-86.2542	31.87	132
15749	-87.5997	34.7442	164.6
17157	-86.8133	34.1736	243.8
17304	-86.0536	34.6736	187.5
17366	-87.0153	32.41	44.8
18024	-86.135	33.4164	136.6
18178	-87.8833	31.5411	118.9
18323	-85.9722	31.8075	165.2
18380	-87.6161	33.2119	51.5
18438	-85.7464	32.0142	134.1
18469	-85.6128	34.5667	323.7
20080	-112.86	32.3697	539.5
21026	-112.5828	33.3761	271.3
21248	-109.5394	36.1533	1709.9
21514	-111.6819	33.2058	434.3
21614	-111.6981	34.3494	807.7
23160	-111.7428	35.2681	2239.4
23596	-112.1503	36.0528	2068.1
24089	-110.1544	34.9094	1549.9
24645	-114.0167	35.2	1078.7
24849	-111.6022	36.8644	978.4
25512	-110.87	33.4044	1085.1
26250	-114.2897	34.1547	128
26353	-109.8378	31.9356	1325.9
26796	-112.4322	34.5706	1586.5
27281	-111.1508	33.6731	672.1
27370	-111.7417	33.08	391.7
27390	-109.6808	32.815	900.4
27435	-109.4028	34.5172	1764.8
27716	-112.8797	35.3322	1600.2
28619	-110.0569	31.7056	1405.1
28815	-110.9536	32.2292	742.2
29271	-109.9833	33.8169	1560.6
29287	-112.7403	33.9792	638.6
29359	-112.1903	35.2406	2057.4
29652	-114.635	32.6114	58.2
30936	-91.2153	34.8822	56.4
31596	-92.4289	35.0842	96
31632	-90.5858	36.4197	91.4
32356	-93.7917	36.4164	432.8
32444	-94.1744	36.1006	387.1
32930	-94.4481	36.4261	384
34572	-91.535	36.4947	153
34756	-94.2494	34.5731	344.4
35186	-91.2744	35.6042	69.5
35512	-93.8683	35.5125	253
35754	-92.0189	34.2256	65.5
35820	-90.9681	36.2639	96
35908	-93.3878	33.8203	93.9
36253	-91.2703	33.81	45.7
36928	-93.6369	35.3028	152.4
40693	-122.2589	37.8744	94.5
40924	-114.5972	33.6131	81.7
41048	-115.5581	32.9544	-30.5
41614	-120.1736	41.5336	1423.4
41715	-121.8211	39.6911	56.4
41758	-117.0858	32.64	17.1
41912	-120.9481	39.0911	725.4
42239	-116.5872	32.9897	1414.3
42294	-121.7761	38.535	18.3
42319	-116.8669	36.4622	-59.1
42728	-120.6706	38.3306	217.9
42910	-124.1603	40.8097	6.1
42941	-118.4275	34.7042	932.7
43161	-123.7567	39.5092	37.5
43257	-119.7194	36.78	101.5
43747	-119.6356	36.3219	74.7
43761	-123.3758	41.8042	341.4
43875	-122.8731	38.6175	32.9
44232	-118.2036	36.7981	1204
44259	-116.2153	33.7086	-6.4
44713	-120.6392	39.3183	1571.5
44890	-119.0264	36.3817	156.4
44997	-121.7692	37.6922	146.3
45032	-121.2878	38.1061	12.2
45385	-121.5853	39.1458	17.4
45532	-120.5117	37.2858	46.6
45983	-122.3081	41.3206	1094.2
46074	-122.2647	38.2778	10.7
46118	-114.6189	34.7675	271.3
46175	-117.8803	33.6025	3
46399	-119.2275	34.4478	227.1
46506	-122.1997	39.7458	77.4
46508	-123.5317	41.3089	122.8
46719	-118.1447	34.1483	263.3
46730	-120.6856	35.6278	213.4
46826	-122.6078	38.2578	6.1
47195	-120.9475	39.9367	1042.4
47304	-122.2986	40.5175	151.5
47306	-117.1894	34.0528	401.7
47851	-120.6639	35.3056	96
47902	-119.6844	34.4167	1.5
47916	-121.9911	36.9906	39.6
47965	-122.6978	38.4381	53
48702	-120.6631	40.4167	1275.3
48758	-120.1428	39.1678	1898.9
48839	-118.7497	35.0233	434.3
49087	-117.7539	33.7025	71.6
49122	-123.2103	39.1467	193.9
49200	-121.9608	38.3956	33.5
49452	-119.3531	35.5975	105.2
49490	-122.9331	40.7222	599.8
49699	-122.3058	39.5231	71
49855	-119.5897	37.75	1224.7
49866	-122.6408	41.7036	800.1
50848	-105.2667	39.9919	1671.5
51294	-105.2256	38.46	1635.6
51528	-105.2783	39.2203	2097
51564	-102.3486	38.8236	1295.4
51741	-107.9631	39.2425	1822.7
52184	-106.3247	37.6742	2396.9
52281	-106.0353	39.6261	2763
52446	-102.7808	38.4775	1284.7
53005	-105.1314	40.6147	1525.2
53038	-103.8156	40.26	1328.6
53146	-108.7331	39.1653	1378.9
53662	-106.9675	38.5258	2323.8
53951	-107.1097	37.7717	2757.8
54076	-102.1236	38.0494	1033.3
54770	-102.6306	38.0936	1105.5
54834	-103.2153	38.0636	1185.7
55322	-105.9392	37.1742	2343.9
55722	-107.8792	38.4858	1764.5
57167	-103.6933	38.0392	1271
57337	-106.1444	38.0858	2347.3
57936	-106.8233	40.4883	2094
58204	-107.8733	37.9492	2643.2
58429	-104.4869	37.1786	1837.9
59243	-102.2189	40.0583	1121.7
62658	-73.3667	41.95	167.6
63207	-72.0394	41.3506	12.2
67970	-73.5475	41.1247	57.9
68138	-72.2283	41.795	198.1
72730	-75.5167	39.2583	9.1
73595	-75.5761	38.8161	13.7
75915	-75.425	38.8983	10.7
76410	-75.7514	39.6694	27.4
79605	-75.5414	39.7739	82.3
80211	-85.0206	29.7258	6.1
80228	-81.8739	27.2181	9.1
80478	-81.8433	27.8986	38.1
80611	-80.6711	26.6928	6.1
82220	-86.0939	30.7244	74.7
82850	-81.3897	25.8489	1.5
82915	-81.5389	29.755	1.5
82944	-81.4636	30.6589	4
83163	-80.2011	26.1019	4.9
83186	-81.8614	26.585	4.6
83207	-80.3539	27.4622	7.6
84289	-82.3125	28.8031	12.2
84570	-81.7522	24.555	1.2
84731	-82.5942	30.1853	59.4
85275	-83.4119	30.4517	36.6
86414	-82.0778	29.0803	22.9
86997	-87.1869	30.4781	34.1
87020	-80.4361	25.5819	3
87851	-82.26	28.3378	57.9
88758	-84.3533	30.3931	16.8
88824	-82.7644	28.1586	2.4
88942	-80.8158	28.6242	1.5
90140	-84.1489	31.5339	54.9
90586	-84.6175	30.8228	57.9
91340	-81.5022	31.1681	4
91500	-84.2036	31.1903	53.3
92318	-83.8436	33.5972	234.4
92475	-83.99	34.5292	475.5
92966	-83.2058	32.2003	121.9
93621	-83.86	34.3006	356.6
93754	-81.9522	31.9881	61
94170	-83.4681	33.2842	74.7
95874	-83.2497	33.0831	112.2
95882	-81.9672	32.8703	59.4
96335	-84.8178	33.4544	272.5
97276	-83.5692	30.7836	56.4
97600	-85.1514	34.2453	200.9
97847	-81.21	32.13	14
98535	-84.5197	32.6875	195.1
98703	-83.4767	31.4461	115.8
98740	-83.3319	34.5786	308.5
99141	-82.6222	33.4028	149.4
99157	-82.7058	33.7264	189
99186	-82.3128	31.2514	44.2
99291	-85.1892	32.8694	175.3
100010	-112.8253	42.9536	1342.6
100448	-115.9236	43.5936	986
100470	-111.2739	44.0425	1588.6
100803	-111.385	42.3353	1817.8
101408	-116.6753	44.5733	807.7
101956	-116.8017	47.6789	650.1
102845	-116.3217	46.5022	303.3
103143	-115.5356	46.0931	475.5
103631	-115.3231	42.9403	751.6
103732	-111.7275	42.5872	1691.6
104140	-114.1378	42.5972	1237.5
104295	-114.5739	42.3528	1379.2
104670	-114.5192	42.7325	1140
104831	-116.1267	47.5311	707.1
104845	-114.3603	43.6842	1795.3
105241	-117.0156	46.3747	437.7
105275	-111.3139	42.1231	1806.2
105462	-113.6317	43.9181	1797.4
105559	-112.2872	42.1492	1362.5
105685	-113.8953	44.5664	1539.2
106152	-116.9608	46.7244	810.8
106305	-116.5753	43.6039	752.9
106388	-116.2864	44.9647	1179.6
106542	-113.8981	42.2342	1389.6
106891	-116.9297	44.0772	655.3
107264	-116.5031	48.9958	541
107386	-116.8358	48.3514	725.4
108080	-113.9008	45.1875	1198.2
108137	-116.5578	48.2928	640.1
110072	-90.7478	41.1961	219.5
110187	-89.2344	37.4814	195.1
110338	-88.3092	41.7806	201.2
111280	-89.8703	39.2883	189.3
111436	-88.1653	39.4761	198.1
112140	-87.6483	40.1389	170.1
112193	-88.9525	39.8275	189
112348	-89.5047	41.8472	213.4
112483	-89.1931	37.9878	128
113335	-90.0356	41.1744	246.9
113879	-88.5244	37.7408	111.3
114108	-89.4833	39.15	192
114198	-87.6561	40.4744	216.4
114442	-90.1978	39.7347	185.9
114823	-90.9686	40.5839	210.3
115079	-89.3381	40.1514	177.7
115326	-88.6469	42.2928	248.4
115515	-88.5425	38.0844	135.9
115712	-89.0339	40.9125	228.6
115768	-90.6392	40.9247	227.1
115833	-89.9744	41.8039	183.8
115901	-89.9842	42.0981	195.1
115943	-88.8533	38.3483	149.4
116446	-88.0819	38.7003	146.3
116526	-88.9106	41.3283	160
116558	-87.6225	39.0028	140.2
116579	-89.0242	39.3722	213.4
116610	-87.6933	39.6356	207.3
116738	-90.8236	39.8058	198.1
116910	-88.6389	40.8853	198.1
117551	-90.5608	40.1158	201.2
118147	-89.7167	38.1167	163.1
118740	-88.2403	40.0839	219.8
118916	-89.5989	41.5519	210.3
119241	-90.3789	39.4411	176.8
119354	-88.5986	39.4381	210.3
120177	-85.7175	40.1122	257.6
120200	-84.9897	41.6397	307.8
120676	-84.9305	40.6683	265.2
120784	-86.5214	39.1742	253
121030	-85.0128	39.4239	192
121229	-85.1833	39.8667	304.8
121425	-85.7	38.4833	167.6
121747	-85.9211	39.1978	189.3
121873	-86.8011	40.0028	256
122149	-86.6661	40.615	169.5
123418	-85.8825	41.5575	266.7
123513	-86.8767	39.6439	224
123527	-85.7611	39.7858	263.7
124008	-87.2881	41.5422	195.1
124181	-85.4981	40.8556	221
124837	-86.7297	41.6117	257.6
125237	-85.3942	38.7369	140.2
125337	-85.6586	40.58	240.8
126001	-87.8956	37.9286	108.8
126580	-86.5519	38.8894	198.1
126705	-86.4858	38.5556	170.7
127125	-87.5906	38.3567	146.3
127298	-87.1564	40.9356	198.1
127482	-86.2094	41.0658	234.7
127522	-87.2269	39.7594	211.2
127646	-85.4528	39.6042	292.6
127755	-86.0889	38.6111	243.8
127875	-85.785	38.6886	173.7
127935	-85.9822	38.9822	173.7
128036	-86.7944	38.5528	154.2
129080	-85.0761	38.7436	150.9
129113	-87.4878	38.7386	137.2
129253	-87.1989	38.6489	152.4
129511	-87.0578	41.1947	202.7
129557	-86.3542	39.9961	289
129670	-86.5867	41.0267	210.3
130112	-92.7867	41.0656	268.2
130133	-94.3053	43.0683	377.6
130600	-92.2764	41.8814	246.9
131402	-92.6714	43.0775	309.1
131533	-95.0192	40.7244	298.7
131635	-90.2639	41.7947	178.3
132724	-94.8219	43.43	396.8
132789	-91.9553	41.0211	225.6
132864	-91.8158	42.8503	344.4
132977	-93.6306	43.2844	396.2
132999	-94.2006	42.5836	347.5
134063	-93.6481	41.3656	287.1
134142	-93.2536	42.5189	344.4
134735	-96.1458	42.7817	364.2
134894	-95.7883	41.6381	301.8
135769	-94.2428	40.7053	359.7
135796	-91.5647	40.9486	222.5
135952	-92.3122	43.0453	349.9
137147	-96.1686	43.43	411.5
137161	-94.6292	42.3969	364.2
137979	-95.1694	42.6347	434.3
138296	-92.5806	42.0356	289.3
138688	-91.7067	41.2828	210.3
140264	-98.0283	37.155	408.4
140365	-99.7633	37.1942	600.5
140405	-95.1108	39.5756	288
141704	-99.3272	37.2706	634.9
141740	-94.8397	37.1764	275.8
141867	-96.5097	38.6758	402.3
142401	-96.8444	37.8183	393.2
142459	-98.2267	38.7278	466.3
142835	-94.7086	37.8428	257.6
143527	-99.3358	38.8586	612.6
143810	-95.5225	39.6703	313.9
143954	-95.7003	37.2364	245.4
144087	-99.9181	38.1964	740.7
144464	-101.2492	37.9411	913.8
144530	-99.0994	38.1817	608.1
144559	-95.2514	38.9583	306.3
144588	-94.9189	39.3256	265.2
144695	-100.9294	37.0222	863.8
144972	-96.5814	39.1972	324.6
145152	-97.6097	38.3772	463.3
145173	-98.58	37.2767	448.1
145363	-97.7047	39.1247	402.9
145856	-99.8356	39.7408	719.3
145906	-100.5331	39.8183	795.5
145972	-94.7603	38.8875	321.6
146128	-95.2808	38.6133	280.1
147093	-101.8097	39.7675	1024.7
147271	-100.9189	38.4819	905.3
147305	-96.1861	37.1317	274.3
147542	-98.7783	39.7772	542.5
148495	-99.8831	39.0297	749.8
150254	-82.6131	38.4536	170.7
150381	-83.8819	36.8825	301.8
150619	-84.2908	37.5733	326.1
150909	-86.4239	36.9647	160.9
152791	-83.55	38.1167	207.3
153028	-84.8825	38.2022	140.8
153430	-85.5022	37.2592	179.8
153762	-87.6456	37.7558	136.9
153994	-87.5206	36.8492	158.5
154703	-86.2892	37.5108	189
157324	-85.2	38.2	222.5
158709	-84.15	36.7333	286.5
158714	-84.6106	38.6586	286.5
160098	-92.4611	31.3206	26.5
160205	-90.525	30.7094	51.8
160537	-92.0056	32.7689	45.7
160549	-91.1469	30.5372	19.5
161287	-92.1786	30.9594	24.4
161411	-92.3478	32.5133	54.9
162151	-90.1114	30.5272	12.2
162534	-91.0275	30.0717	9.1
163313	-91.5442	29.8233	3.7
163800	-92.0439	30.4192	16.8
164407	-90.7303	29.5858	4.6
164700	-92.6642	30.2003	7.6
165026	-91.9875	30.205	11.6
166664	-90.1303	29.9167	6.1
167344	-93.7981	32.9078	88.4
168163	-91.2336	31.9497	23.8
169013	-90.78	29.7758	4.6
169806	-91.7019	32.0994	24.4
170100	-68.2592	44.3739	143.3
170814	-69.812	45.6603	323.1
171628	-69.2417	44.9197	90.5
172426	-66.9919	44.9067	25.9
172765	-70.1567	44.6889	128
173046	-69.7889	44.2203	42.7
173944	-67.8417	46.2061	118.9
174566	-70.2167	44.1	54.9
175304	-68.705	45.6503	109.7
176905	-70.3003	43.6497	13.7
176937	-68.0089	46.6539	182.6
179891	-67.4044	45.1572	42.7
180700	-76.9314	39.0303	44.2
181385	-76.0667	38.5667	3
181750	-76.0519	39.2167	12.2
182282	-78.7561	39.6419	222.5
182523	-75.8	38.8833	14.9
183675	-76.8042	38.9689	45.7
185111	-76.9003	39.0847	121.9
185718	-76.61	39.2811	6.1
185985	-75.87	39.2739	9.1
186620	-79.4	39.4133	737.6
186770	-76.6667	38.6833	48.8
187330	-75.6822	38.2122	6.1
187806	-76.1897	38.7144	3
188000	-75.5892	38.365	3
189440	-76.9667	39.55	233.2
189750	-76.8667	39.3333	140.2
190120	-72.5375	42.3861	45.7
190535	-71.2833	42.4833	48.8
190736	-71.1136	42.2122	192
193213	-73.4172	42.145	249
194105	-71.1658	42.6992	15.2
195246	-70.9333	41.6333	21.3
196486	-70.6961	41.9819	13.7
196681	-70.1833	42.05	6.1
196783	-71.1264	42.5242	27.4
198367	-71.0658	41.9003	6.1
198757	-71.2458	42.1608	50.3
199316	-71.4333	42.1333	64
200032	-84.0158	41.9164	231.6
200128	-85.7892	42.58	228.6
200146	-84.6492	43.3864	224
200230	-83.7108	42.2947	274.3
200779	-85.4822	43.7072	283.5
201439	-87.9858	46.5192	487.4
201486	-86.9242	46.3414	265.2
201492	-84.4725	45.6528	179.2
201675	-84.9925	41.9622	299.9
202423	-83.5036	44.2839	178.6
202737	-86.7167	45.6667	227.1
203632	-86.4239	43.6747	234.7
203823	-84.6411	41.9353	329.2
204090	-88.0842	45.7858	326.4
204104	-90.1892	46.4656	435.9
204244	-85.6	42.2833	289.6
205434	-84.2011	43.6089	195.1
205650	-82.8183	42.6083	176.8
205662	-84.7697	43.5858	242.6
205690	-86.6625	46.4122	207.3
205816	-85.5106	46.3133	259.1
206300	-84.18	43.0161	222.5
207690	-86.2833	42.4011	189
207812	-88.6275	46.0556	442
210018	-96.5161	47.2992	276.5
210075	-93.3019	43.6064	374.9
210252	-96.8253	48.3311	258.2
210515	-94.5869	48.7094	323.7
211465	-93.5833	44.8	219.5
211630	-92.5253	46.7047	385.6
212142	-95.8372	46.8372	413
212645	-92.5303	47.4581	440.4
212698	-94.4656	43.6447	361.8
212737	-93.17	44.6697	298.7
212916	-95.7244	47.5636	399.3
213290	-92.5644	43.7047	411.5
213303	-93.4975	47.2436	399.3
214106	-95.1919	47.2256	454.2
214652	-94.2228	47.2467	396.8
215175	-93.6522	47.6308	422.8
215400	-95.9269	45.1219	310.9
215435	-93.2289	44.8831	265.8
215563	-95.7536	44.9364	300.2
215615	-93.3147	45.8775	310.3
215638	-95.8747	45.5903	347.5
215887	-94.4897	44.3006	271.3
216152	-94.9297	44.7628	335.3
216360	-95.0678	46.9006	437.1
216547	-94.1089	46.6694	381
216565	-96.3258	44.0139	519.7
217087	-95.7675	48.8486	319.1
217405	-93.9656	44.3222	259.1
217460	-93.3211	46.7953	376.1
218419	-91.6653	47.0258	190.5
218618	-94.57	47.0744	429.8
219046	-94.1872	43.7692	338.3
219249	-92.6661	44.2992	300.2
220021	-88.5214	33.83	60.4
220488	-89.9806	34.3061	67.1
220955	-88.5797	34.6628	149.4
221094	-90.4581	31.5447	132.6
221389	-90.0361	32.6714	76.2
221707	-90.5572	34.1864	52.7
221865	-89.8361	31.2503	45.7
221880	-88.3847	33.4678	44.2
221962	-88.6178	34.8792	117.3
222094	-90.3775	31.9461	148.4
223107	-89.4208	32.36	137.2
223605	-91.06	33.3592	38.1
223887	-89.3392	31.2547	117.3
223975	-89.9853	34.8161	115.8
224173	-89.4347	34.8219	147.2
224776	-89.5797	33.0583	125
224939	-89.1236	31.6756	68.6
225247	-89.0711	33.1353	177.1
225987	-90.1058	31.5519	58.2
226009	-90.5094	33.4519	35.7
226177	-91.3408	31.5889	59.4
226718	-88.4781	30.3964	3.7
227111	-88.9983	34.1381	123.4
227128	-89.5453	30.8408	95.4
227132	-90.9719	31.985	36.6
228374	-88.7822	33.4692	56.4
229079	-89.5358	34.3803	124.4
229400	-89.6311	34.1583	94.5
229426	-89.3831	30.2947	2.4
229439	-88.6708	31.6772	61
229793	-91.2328	31.0928	121.9
229860	-90.3817	32.9028	32.6
230204	-94.0281	38.1869	259.7
230856	-91.1711	39.3447	270.4
231037	-93.1331	39.4247	201.8
231364	-89.6642	36.1686	82.3
231711	-93.7711	38.395	234.7
231822	-94.6833	40.2394	337.7
232289	-90.8125	36.6206	88.1
232809	-90.4103	37.7922	282.9
234271	-92.1825	38.585	204.2
234705	-94.2697	37.4994	298.7
234825	-92.6936	37.685	389.8
234850	-94.3358	38.8803	304.8
234904	-93.855	39.1828	251.5
235027	-93.9489	37.3908	326.1
235253	-89.9664	37.3036	118.9
235541	-91.8861	39.1756	244.4
235671	-92.4369	39.4194	262.1
235834	-92.2636	37.1528	442
235976	-94.36	36.8639	308.2
237263	-91.7758	37.9572	355.7
237963	-93.7158	40.2472	266.7
238051	-91.8872	39.9714	210.3
238223	-93.4194	38.9664	205.7
238466	-93.3989	38.2581	192.6
238523	-93.0031	40.475	323.1
238725	-91.1386	38.835	252.1
240199	-112.9569	46.1314	1609.3
240364	-112.3964	47.4931	1240.5
240780	-109.9503	45.8328	1249.7
241044	-111.0453	45.6622	1497.5
241552	-111.71	47.2194	1024.1
241722	-109.2256	48.5883	737.6
241737	-112.1919	47.8206	1172
242173	-112.3753	48.6033	1169.8
242409	-112.6447	45.2128	1593.5
242689	-104.5461	45.8903	1043.9
242793	-111.7111	45.3394	1509.7
243013	-108.3133	46.8511	954.9
243089	-107.4536	48.7778	792.2
243110	-109.7972	48.4983	796.4
243139	-114.8997	48.7783	914.4
243558	-106.6214	48.2139	696.5
243581	-104.7183	47.1064	632.8
243751	-111.3822	47.4733	1116.8
243885	-114.1642	46.2553	1080.5
244038	-111.3392	44.8667	1977.8
244055	-111.9636	46.6056	1166.8
244345	-108.2444	45.9228	924.8
244364	-107.1375	45.9353	944.9
244522	-106.9103	47.3144	798.6
244558	-114.2636	48.3042	901.3
245015	-115.5392	48.4036	638.9
245080	-110.5689	45.4836	1484.4
245338	-107.7286	48.3939	680
245572	-104.4514	48.4828	591.9
245668	-104.9619	46.7614	757.1
245690	-105.8825	46.4267	799.8
245761	-109.9514	47.0575	1310.6
246157	-111.6325	45.4856	1446.3
246472	-113.3	46.3158	1606.3
246601	-104.5164	46.4178	847.3
246918	-109.2497	45.1797	1718.2
247286	-114.0983	47.315	883.9
247318	-115.0908	47.3033	810.8
247382	-104.3378	47.4536	602
248501	-112.2511	48.3089	1161.3
248569	-105.3686	47.88	696.2
248597	-111.9481	45.2925	1759.6
248857	-111.1	44.65	2029.7
248930	-110.9	46.5436	1536.2
250070	-98.0036	41.6867	545.6
250130	-102.8967	42.1103	1217.4
250375	-96.3775	41.0406	326.1
250420	-99.0303	42.5136	637
250435	-95.7467	40.3703	283.5
250622	-96.75	40.2994	395.3
250640	-99.8278	40.1306	658.4
251145	-103.1042	41.6675	1117.4
251200	-99.675	41.4083	762
252020	-96.9469	40.6194	437.4
252100	-100.4936	40.6742	829.4
252205	-97.1328	41.2492	490.7
252820	-97.1669	40.0739	411.5
252840	-97.5928	40.6422	499.9
253035	-98.9667	40.1	565.4
253175	-97.5964	40.5314	496.8
253185	-97.7644	41.4514	484.6
253365	-100.1522	40.94	787.9
253615	-103.8842	42.6858	1478.3
253630	-97.2608	42.6167	417.6
253660	-98.3833	40.6475	591.3
253715	-102.6944	42.5119	1159.8
253735	-97.5903	40.175	451.1
253910	-99.3803	40.4517	707.1
254110	-101.655	40.5208	999.7
254440	-103.6344	41.2453	1435
254900	-102.6361	41.1489	1168
254985	-98.9681	41.2808	627.3
255080	-97.45	41.8292	481.6
255310	-100.6203	40.2156	796.1
255470	-101.7089	42.9194	986
255565	-98.9514	40.5156	658.4
256040	-98.7747	41.4933	597.4
256135	-97.9675	42.0678	521.2
256570	-96.1558	40.1217	378
256970	-100.2472	42.065	819.9
257070	-98.5197	40.0978	524.3
257515	-98.4697	41.2686	541
257715	-97.0908	40.9	438.9
258133	-100.5986	41.4581	911.4
258395	-96.1886	40.6825	335.3
258465	-96.1939	40.3544	338.3
258480	-96.2264	41.7861	338.3
258915	-96.8617	42.2667	423.7
259090	-96.1414	40.8639	335.3
259510	-97.5922	40.8678	490.7
260507	-117.0675	39.4931	2066.5
260691	-116.8917	40.6117	1373.1
261071	-114.8464	35.98	762
262573	-115.7886	40.8289	1533.1
262780	-118.7811	39.4572	1208.5
263245	-117.4922	40.9567	1339.3
264698	-118.4767	40.1906	1211.6
264950	-114.7733	39.4136	1911.1
265168	-118.1056	38.3844	1391.7
266779	-119.7711	39.4839	1344.2
267369	-114.9217	35.4661	1079
268988	-114.9736	41.1006	1737.4
269171	-117.8081	40.9017	1309.4
270706	-71.6575	44.3061	359.7
272174	-70.95	43.15	24.4
272999	-71.2872	45.0875	506
273850	-72.2847	43.7031	183.8
274399	-72.3244	42.9389	158.5
280325	-74.4242	39.3792	3
280734	-75.0836	40.8292	80.2
280907	-74.4	40.9	85.3
281582	-74.4233	41.0347	231.6
283029	-74.8831	40.5631	79.2
283951	-74.5642	40.265	30.5
284229	-74.7883	39.8144	30.5
284987	-74.0047	40.2797	9.1
285728	-74.9697	39.9511	13.7
286055	-74.4364	40.4719	26.2
287079	-74.4025	40.6036	27.4
288816	-74.2167	39.95	30.5
290692	-108.0006	36.835	1720.3
290858	-104.0936	35.5297	1371.6
291469	-104.2225	32.3478	951
291515	-105.8964	33.6308	1647.4
291664	-106.5781	36.9178	2392.7
291813	-104.9456	36.4661	1993.4
291887	-103.1539	36.4486	1511.8
292608	-107	36.9358	2070.5
292848	-107.1844	33.1461	1394.8
293265	-108.1517	32.7939	1872.1
293294	-104.2319	34.4667	1226.8
293368	-108.0867	32.2261	1365.2
294369	-106.6872	35.7783	1908.7
294426	-106.7411	32.6169	1300.3
294862	-105.2131	35.5678	1935.2
295150	-106.7611	34.7675	1475.2
295273	-108.9417	33.8225	2148.8
295960	-105.8242	32.9547	2066.5
295965	-106.2606	34.5208	1987.3
296435	-106.0911	32.3789	1274.7
297323	-105.4036	36.7058	2644.4
297610	-104.5083	33.3075	1112.2
297867	-103.3283	35.1086	1289.3
298107	-104.6805	34.9358	1405.1
298387	-106.8831	34.0828	1397.5
298501	-104.585	36.3628	1794.7
298535	-106.7597	32.2822	1182.9
299156	-103.6867	35.2006	1245.4
299165	-106.0417	33.0719	1350.3
300023	-77.2344	42.1014	304.5
300042	-73.8092	42.7431	83.8
300085	-77.785	42.2614	539.5
300093	-78.75	42.1003	457.2
300183	-77.9889	42.3017	440.4
300321	-76.5447	42.9328	234.7
300443	-78.1692	43.0303	278.3
300687	-75.98	42.2067	486.2
300889	-72.3067	40.9464	18.3
300937	-77.9333	43.2	163.1
301012	-78.7358	42.9408	214.9
301185	-75.1097	44.5772	136.6
301401	-73.3953	44.8786	47.9
301752	-74.9267	42.7167	383.1
301799	-76.1833	42.6	344.1
301966	-73.7206	44.7192	408.4
301974	-77.7175	42.5656	201.2
302060	-75.4264	42.0628	304.8
302129	-73.8344	41.0072	61
302610	-76.8358	42.0997	288.6
303033	-79.312	42.4497	231.6
303184	-77.0308	42.8767	218.8
303259	-73.9333	41.5167	83.8
303319	-74.3592	43.0492	246.9
303773	-77.6083	42.7747	274.9
304102	-74.2692	43.755	506
304174	-76.4489	42.4489	292.6
304555	-73.9847	44.2444	591.3
304647	-74.6692	44.7583	142
304791	-74.8686	43.0603	274.3
304796	-74.8667	43.0333	109.7
304844	-78.6814	43.1392	184.4
304912	-75.4817	43.7975	262.1
304996	-74.3081	44.8419	268.2
305113	-75.0106	42.4694	373.4
305426	-74.155	41.7681	379.5
305512	-75.7264	42.8417	396.2
305801	-73.9692	40.7789	39.6
306085	-75.5197	42.5117	301.4
306164	-75.4442	44.7281	85.3
306314	-76.4933	43.4622	106.7
306774	-74.6847	41.38	143.3
306820	-73.91	41.5997	51.8
307167	-77.6767	43.1167	162.5
307484	-73.8167	43.0331	94.5
307633	-73.1047	40.9586	12.2
308248	-73.8325	42.6925	515.1
308383	-76.1033	43.1092	125
308600	-73.6831	42.75	7.3
308631	-74.4383	44.2308	512.1
308737	-75.3839	43.145	216.7
308906	-74.1628	41.5514	115.8
308910	-78.51	42.7411	332.2
308944	-74.9003	44.1481	460.2
309000	-75.8753	43.9761	151.5
309292	-73.9608	41.3906	97.5
309670	-73.7975	41.2664	204.2
310090	-80.1994	35.3992	185.9
311458	-75.6219	35.2325	3.4
311677	-79.0794	35.9086	152.4
312635	-76.5517	36.0164	3
312719	-76.205	36.3097	2.4
313017	-78.8583	35.0583	29.3
313510	-77.9647	35.3444	33.2
313969	-78.4119	36.3481	146.3
313976	-82.4492	35.3297	658.4
314055	-83.1892	35.0536	1170.4
314684	-77.5433	35.1967	7.3
314938	-81.5378	35.915	365.8
315123	-78.3039	36.1028	79.2
315177	-79.025	34.6269	34.1
315340	-82.0292	35.6631	446.8
315356	-82.6658	35.8036	609.6
315771	-80.5233	34.9797	167.6
315830	-76.7358	34.7336	3
315838	-81.6717	35.7308	353.6
315890	-80.6508	36.4992	317.3
317202	-79.6947	36.3825	271.3
317615	-80.4822	35.6836	213.4
317994	-78.3458	35.5164	45.7
318113	-78.0078	33.9947	6.1
318292	-80.8808	35.81	289.6
318500	-77.5386	35.8847	10.7
318694	-81.3039	36.3919	876.3
319147	-82.9683	35.4867	810.2
319476	-77.9456	35.6939	33.5
320941	-100.4447	48.8214	496.2
321408	-97.2328	46.8769	285
321871	-103.2944	48.9075	595
322188	-102.8111	46.8911	749.8
322365	-102.5869	47.3467	671.8
323207	-100.6667	46.05	510.5
323287	-98.4	46.1581	437.4
323594	-97.4247	48.4181	252.1
323621	-97.0981	47.9217	253
324178	-102.6442	45.9925	816.9
324203	-97.0664	47.4389	277.4
324418	-98.685	46.8844	447.1
324958	-98.3447	48.7622	492.3
325220	-97.6822	46.4522	336.5
325479	-100.9097	46.8128	533.4
326015	-100.2294	46.6706	548.6
326155	-102.3164	46.3719	772.7
326255	-99.7692	46.5067	603.5
326315	-102.8692	46.5414	804.4
326947	-97.2417	48.9711	240.8
327530	-102.3192	46.8886	752.9
328792	-100.3908	48.3706	451.1
329100	-96.6108	46.3233	291.4
329445	-100.2911	48.6061	449
331072	-82.9694	40.8128	291.1
331152	-80.9981	40.2686	384
331541	-81.9361	41.0517	359.7
331592	-82.9547	39.6106	205.1
331890	-81.8711	40.2403	231.6
332098	-84.3853	41.2778	213.4
332119	-83.0739	40.3175	280.4
332791	-83.6622	41.0461	234.1
333375	-84.65	40.1	312.1
333758	-83.6167	39.2	335.3
333780	-81.15	41.3	374.9
334189	-83.6061	40.6489	303.3
335041	-81.8569	39.6539	231.6
335297	-81.9167	40.55	249.6
335315	-80.8561	40.7692	356.6
336118	-82.6167	41.2667	204.2
336196	-82.2167	41.2667	248.7
336600	-81.9167	39.8386	310.9
336781	-82.8872	38.7569	164.6
338313	-83.1667	41.1167	225.6
338534	-83.2833	40.8333	260.3
338552	-83.7833	40.1	304.8
338769	-80.8167	41.2	274.3
338822	-84.1453	41.5183	228.6
338830	-82.9797	39.1114	170.7
339312	-81.9167	40.7833	310.9
340017	-96.685	34.7864	309.4
340179	-99.3344	34.5903	420.6
340256	-95.615	34.2208	143.3
340292	-97.1294	34.1714	268.2
340548	-96.0261	36.7683	217.9
340593	-100.5308	36.8125	751.3
340908	-102.4806	36.7236	1259.7
341243	-99.6403	36.8003	588.3
341504	-98.5794	35.1756	451.4
341724	-98.3583	36.7747	359.7
341828	-95.5808	36.3225	179.2
342678	-96.3686	34.0003	182.9
342912	-97.8747	36.4194	379.5
342944	-99.8628	35.2164	627.9
343497	-98.3225	35.6267	487.7
343628	-101.6181	36.5914	1008.9
343821	-97.395	35.8161	338.3
343871	-99.3953	35.585	554.7
344055	-97.835	36.0942	357.8
344204	-99.0525	34.9894	474.3
344235	-96.3861	35.0567	260.6
344298	-101.2172	36.8589	912.9
344573	-97.7903	36.7222	318.5
344766	-102.965	36.9031	1325.9
344861	-97.9294	35.8583	320
345063	-98.4572	34.6097	350.5
345509	-99.5017	34.8911	486.2
345779	-96.9767	35.505	281.9
345855	-94.8833	36.8833	245.4
346130	-95.3339	35.7781	157.9
346139	-99.17	36.2283	576.1
346278	-97.0586	36.8914	347.5
346629	-98.315	36.1217	370.3
346638	-96.3033	35.4253	285
346670	-96.025	35.6239	197.2
346926	-97.2814	34.7253	286.5
346935	-96.3472	36.6692	254.5
347012	-97.2897	36.2886	312.4
347254	-94.6264	35.0539	134.1
348501	-97.095	36.1175	272.8
348677	-94.9644	35.9369	259.1
349395	-97.9964	34.1747	278
349422	-98.6986	35.52	493.2
349445	-95.2039	35.4814	167.6
350304	-122.7144	42.2128	532.2
350328	-123.8825	46.1569	2.7
350412	-117.8086	44.8428	1024.4
350694	-121.285	44.0569	1115.6
351055	-124.2453	42.03	15.2
351433	-122.4811	44.3914	292.6
351765	-120.1817	45.2325	865.6
351862	-123.19	44.6342	68.6
351897	-123.0275	43.7917	181.4
351946	-122.1328	42.8967	1973.6
352135	-117.3389	42.9447	1287.8
352406	-123.3275	43.6656	89
352440	-121.1303	45.4539	405.4
352997	-123.1028	45.5247	54.9
353095	-121.2122	43.3936	1404.8
353445	-123.3236	42.4244	283.5
353770	-122.1547	45.4486	228
353827	-119.5639	45.3653	574.5
353847	-119.2636	45.8289	195.1
354003	-121.5175	45.6847	152.4
354506	-121.7814	42.2008	1249.1
354670	-120.3636	42.2139	1456.3
355162	-118.8447	43.265	1255.2
355362	-122.1156	44.1781	450.5
355384	-123.1622	45.2214	47.2
355593	-118.4089	45.9428	295.7
355734	-120.7236	45.4825	570
356032	-124.0556	44.6431	37.2
356073	-124.2436	43.4133	1.8
356426	-120.5403	42.6922	1328.9
356634	-118.8253	45.4756	524.3
356883	-120.8081	44.3022	888.5
356907	-122.5164	42.7342	756.5
357169	-123.3572	42.9506	207.3
357331	-123.3658	43.2131	129.5
358466	-122.07	45.1219	341.4
358494	-123.8728	45.4567	3
358746	-117.8758	45.2081	842.8
358797	-117.2439	43.9814	682.8
358997	-117.5314	45.5722	890.9
360106	-75.4492	40.6508	118.9
361354	-77.6394	39.9353	195.1
362537	-77.2292	39.805	164.6
362682	-80.1825	42.08	222.5
363028	-79.8303	41.4003	309.4
363526	-80.3667	41.4167	344.4
364385	-78.9167	40.3333	370
364896	-76.4667	40.3333	137.2
365915	-75.8583	41.8511	432.8
366233	-80.3619	41.0172	251.5
366689	-75.6167	40.8	125
367029	-75.4464	41.7394	548.6
367322	-75.9319	40.4269	109.7
367477	-78.7497	41.42	414.5
367931	-76.8611	40.7831	128
368449	-77.8672	40.7933	356.6
368596	-75.1906	41.0125	140.2
368905	-76.4431	41.7511	231.6
369050	-79.7192	39.915	291.4
369298	-79.15	41.85	368.8
369408	-77.3894	41.7003	554.1
369464	-75.635	39.9708	114.3
369728	-76.9217	41.2433	158.5
369933	-76.75	39.9167	118.9
370896	-71.5833	41.1667	33.5
374266	-71.5414	41.4906	34.7
376698	-71.4325	41.7219	15.5
380074	-81.6958	33.4925	150
380165	-82.6606	34.5283	243.8
380559	-80.6956	32.3953	7.6
380764	-81.3292	33.3631	98.8
381277	-82.5883	34.0906	161.5
381310	-80.6564	34.2428	42.7
381549	-79.9319	32.78	3
381588	-79.8833	34.7319	42.7
381770	-82.8236	34.6603	251.2
381944	-81.0167	33.9831	73.8
381997	-79.0558	33.8314	6.1
382260	-79.8767	34.3011	45.7
383468	-79.2239	33.3619	3
383747	-82.2239	34.8847	287.4
383754	-82.1711	34.1997	187.5
384690	-80.5972	34.5367	138.1
384753	-79.8283	33.6775	22.9
385017	-82.0219	34.4989	179.5
385200	-81.415	34.1942	216.7
386209	-81.6236	34.2978	145.1
386527	-80.8733	33.4886	54.9
387631	-81.7747	33.9978	146.3
387722	-81.5206	34.635	158.5
388426	-80.2325	33.0367	19.8
388440	-80.3569	33.9364	53.9
388887	-83.0842	34.7483	298.7
389327	-81.0928	34.3739	170.7
389350	-81.0317	34.9381	210.3
389469	-80.8417	32.68	7.6
390020	-98.4131	45.4433	395.3
390043	-99.0631	43.4892	512.1
390128	-97.7853	43.6567	412.4
391392	-96.5917	43.3056	410
391739	-97.7325	44.8817	549.9
391972	-101.8606	43.9611	735.8
392429	-101.5992	45.0481	723.9
392797	-99.6353	45.7644	566.9
392927	-99.1342	45.0364	478.5
393029	-98.07	44.0422	374.9
393217	-99.0719	44.0569	524.3
393832	-99.455	44.5222	576.1
394007	-103.4739	43.4378	1085.1
394037	-97.5242	44.0122	474.9
394516	-99.8628	43.9072	518.2
395456	-98.5825	45.155	396.8
395481	-97.5714	43.2358	403.6
395536	-96.6689	45.2836	349
395891	-100.7078	43.8894	707.1
396170	-100.4175	44.4419	506
396597	-100.2856	44.3814	531
396947	-103.2828	44.115	1051.6
398622	-96.9194	42.7625	362.7
398932	-97.1494	44.9047	532.8
399442	-100.4794	43.4978	664.5
401790	-87.3567	36.5467	116.4
402024	-84.3758	34.9939	442
402108	-89.7	35.5497	117.3
402202	-85.1311	36.0147	551.7
402489	-87.3936	36.0747	237.7
402589	-87.8628	36.4819	144.8
404561	-88.8456	35.6214	121.9
405187	-86.8086	35.4139	239.9
405882	-85.7811	35.6717	286.5
406371	-86.3728	35.9203	163.1
406534	-83.2008	35.9833	315.8
407884	-82.9839	36.4161	413
409155	-86.2089	35.3453	311.5
409219	-89.0317	36.3925	106.7
409502	-87.7592	35.3042	228.6
410120	-99.3017	32.7294	426.7
410144	-98.0678	27.7283	61.3
410174	-103.66	30.3764	1356.4
410493	-99.9764	31.7414	534.9
410498	-103.7403	30.9844	981.5
410639	-97.7061	28.4575	77.7
410832	-98.4286	30.1058	419.1
410902	-98.7347	29.7978	440.1
411000	-102.2564	35.5303	972.6
411048	-96.3972	30.1592	95.4
411138	-98.9456	31.7383	426.7
411528	-99.6328	28.3392	170.7
411772	-95.0717	33.6164	132.6
412015	-97.5122	27.7742	13.4
412019	-96.4747	32.1078	125.9
412121	-101.245	33.6517	917.4
412266	-96.2319	29.0567	21.3
412598	-98.3047	32.0628	447.4
412679	-100.4789	28.7567	247.5
412797	-106.3758	31.8111	1194.2
412906	-99.3508	28.0239	176.8
413063	-98.12	27.1394	42.4
413183	-97.1111	29.6778	158.5
413280	-102.9153	30.9072	926
413420	-97.0592	33.6461	265.2
413734	-96.0983	33.1678	166.1
413873	-96.9397	29.4706	83.8
413992	-99.7456	33.1578	487.7
415018	-98.1847	31.0717	314.6
415196	-94.795	30.0592	10.7
415272	-98.6542	30.7425	310.9
415429	-97.6564	29.6753	121.9
415618	-94.3508	32.5403	107.3
415707	-102.2217	31.1333	757.7
415869	-96.5142	31.7003	161.5
415875	-100.6436	35.7	839.7
416135	-102.7328	34.2192	1167.4
416276	-98.1189	29.7192	208.8
416794	-95.5586	33.6744	165.2
416892	-103.5	31.4167	795.5
417079	-101.7022	34.1892	1027.2
417336	-99.7578	34.2761	488.3
417622	-98.8117	26.3769	52.4
417945	-98.47	29.5333	246.6
418201	-102.6597	32.7136	1016.8
418433	-100.9111	32.71	706.8
418692	-102.0753	36.3372	1125.6
418910	-97.3183	31.0781	193.5
419532	-97.77	32.7483	291.1
420086	-112.4819	37.4403	2145.8
420738	-109.4847	37.6131	1854.7
420788	-109.5578	37.2828	1318
421731	-112.1106	41.5481	1289.3
422101	-112.6519	39.2872	1399
422253	-110.395	40.1678	1682.5
422592	-111.5978	37.7686	1770.9
422726	-111.9353	41.0222	1335
422828	-112.3278	38.9664	1560.6
422996	-109.8611	40.2842	1539.2
423418	-110.1544	38.9906	1240.5
423611	-110.7153	38.3706	1313.1
423809	-111.4261	40.4917	1703.8
424508	-112.5367	37.0286	1493.5
424856	-111.3208	41.825	1822.7
425065	-111.8653	39.5608	1614.8
425186	-111.8033	41.7456	1460
425402	-111.6306	39.2583	1749.6
425477	-112.2292	38.45	1801.4
425733	-109.5458	38.5744	1242.7
425752	-113.9256	37.7981	1664.2
425826	-111.6722	41.0428	1551.4
426135	-111.8319	39.7122	1563
426404	-111.9464	41.2442	1325.9
426601	-112.4419	37.8239	2020.8
426686	-112.8278	37.8497	1828.8
427260	-112.0775	38.7619	1615.4
427516	-113.5611	37.1069	844.3
427559	-111.4161	38.9139	2304.3
427714	-112.1067	39.2453	1619.7
427729	-111.2047	39.6847	2655.4
427909	-111.5042	40.5453	1831.8
428119	-111.6044	40.0797	1438.7
428705	-109.7167	38.9667	1554.2
428771	-112.2975	40.5278	1546.6
428973	-111.8972	40.3597	1370.7
429111	-109.5531	40.4269	1668.5
429382	-114.0358	40.7206	1291.4
429595	-111.1494	41.525	1924.8
429717	-112.9842	37.2083	1234.4
431081	-73.1503	44.4681	100.6
431243	-72.5989	43.3847	256.6
431360	-72.45	43.9833	243.8
431580	-73.2106	43.9572	105.2
432769	-72.8083	44.9094	128
437054	-72.0194	44.42	213.4
437607	-73.3031	44.6264	33.5
437612	-72.9736	44.0725	408.7
440766	-80.4133	37.2017	640.1
440993	-78.2886	37.7092	68.6
441209	-81.3358	37.0925	935.1
441593	-78.5231	38.0325	265.2
442208	-78.9353	38.4553	426.7
442245	-79.3886	36.5869	125
442941	-78.3864	37.3264	137.2
443192	-77.45	38.3167	27.4
444101	-77.2772	37.2992	12.2
444128	-79.8317	37.9969	681.5
444876	-79.4136	37.795	342.9
444909	-77.6928	39.0878	152.4
446139	-76.1922	36.9033	9.1
446626	-82.9967	36.7381	448.1
446712	-78.1203	38.2322	158.5
447338	-79.8961	36.9769	400.8
448062	-79.0903	38.1814	499.9
449151	-76.7039	37.3017	21.3
449263	-78.485	38.9036	205.7
450008	-123.8292	46.9658	3
450587	-122.5114	48.7178	4.6
450729	-122.7928	48.9775	18.3
450945	-122.0036	47.1694	208.8
451233	-121.7561	47.4144	475.5
451276	-122.9528	46.72	56.4
451484	-122.3292	48.9672	19.5
451504	-120.9469	47.1856	585.2
451630	-117.9019	48.5472	474.6
451666	-119.7492	48.5467	707.1
451939	-123.16	47.3706	6.4
452007	-118.1456	47.6503	743.7
452030	-118.0022	46.3153	474.6
452505	-120.54	46.9692	451.1
452675	-122.195	47.9753	18.3
452914	-124.3539	47.9558	106.7
453222	-120.8428	45.8081	499.9
454154	-119.1011	46.2111	118.9
454748	-124.0378	46.3675	7.6
454764	-121.812	46.7492	841.9
454769	-122.9164	46.1506	3.7
455224	-122.2558	47.1358	176.5
455946	-117.8069	48.9114	423.7
456039	-118.6997	47.3286	466.3
456096	-122.8064	48.6117	24.4
456610	-117.5894	46.4686	579.1
456624	-123.4317	48.1139	27.4
456678	-122.7586	48.1161	30.5
456789	-117.1911	46.7564	775.7
456914	-123.73	46.6533	9.1
457059	-118.3772	47.1139	557.8
457267	-117.5931	47.0894	592.8
457458	-122.3	47.65	5.8
457507	-122.2355	48.4958	18.3
457773	-121.8361	47.5414	134.1
457938	-117.5281	47.6217	717.2
458059	-120.7267	48.3511	387.1
458207	-120.0103	46.3236	227.7
458773	-122.6519	45.6778	64
458928	-118.2833	46.1	355.4
459012	-120.0697	47.6478	798.6
459074	-120.315	47.4247	195.1
459238	-118.6775	47.7569	679.7
459376	-120.1936	48.4539	534.9
461220	-80.2206	38.98	443.5
461330	-81.1572	39.2047	231.6
463544	-80.8325	38.9339	216.4
465224	-80.4042	37.8564	701
465626	-80.4647	39.5436	335.3
465707	-77.9844	39.4019	162.8
466867	-79.6658	39.1031	556.6
466989	-80.2	38.6667	877.8
467029	-81.5356	37.5744	390.1
468384	-81.3619	38.8008	287.4
469368	-80.6119	40.2753	201.2
469610	-82.2761	37.6731	231.6
469683	-81.9153	38.5278	186.2
470349	-90.9678	46.5831	198.1
470991	-88.9889	44.8558	329.2
471078	-89.3861	42.6181	240.8
472001	-90.1183	42.6708	292.6
472839	-88.4506	43.7961	231.6
473405	-89.5342	44.1192	331.9
474546	-90.7889	42.8278	317
475017	-87.6522	44.0869	178
475120	-90.1314	44.6319	377
475255	-90.3439	45.1308	448.1
475474	-88.0294	43.0719	221.3
475516	-89.7322	45.8864	488
475808	-90.6383	44.5297	310.9
475932	-88.7189	44.3589	243.8
476208	-87.9539	44.8836	201.2
476330	-88.5581	44.0206	228.6
476718	-89.4342	43.5278	236.2
476827	-91.135	43.0514	200.6
476922	-87.7861	42.7022	181.4
478027	-91.8761	45.8236	335.3
478110	-90.9389	44.9686	332.2
478827	-90.8761	43.5594	382.5
478919	-88.7364	43.1742	251.5
480140	-111.0339	43.7728	1962
480540	-108.0314	44.3789	1169.5
480552	-106.3775	42.6339	1831.8
481675	-104.8167	41.15	1868.4
481730	-104.8219	41.7592	1616.7
481840	-109.0633	44.5219	1549
481905	-104.1533	44.8711	1060.7
482595	-108.9489	43.2281	1699.3
482715	-109.6553	43.5397	2119.9
483100	-110.9508	41.265	2080.3
484065	-109.4767	41.5314	1852.3
485345	-110.3986	44.5619	2398.8
485415	-105.6744	41.3125	2214.7
485830	-104.4811	42.7506	1551.4
486195	-106.2772	43.4131	1481.3
486440	-110.5889	43.8567	2072
486660	-104.2136	43.8581	1315.2
487115	-108.6942	43.2458	1658.1
487240	-104.1583	41.1722	1578.9
487260	-109.8642	42.8797	2193
487388	-108.7592	44.7764	1332
487760	-108.3742	43.0308	1510.3
487845	-109.0653	41.5942	2055
487990	-106.8053	41.4528	2069.6
488160	-106.8383	44.8406	1143
488995	-104.2236	42.0803	1249.1
489615	-104.9492	42.1106	1413.7
489770	-107.9686	44.0108	1237.5
489905	-110.6964	44.9767	1898.9
