"rate"	"range"
2.54385986996988	181.647191082835
2.55150279049849	170.977533845715
2.28622048283432	162.377322812073
2.09600962392506	144.262167388997
1.22931445146514	22.6033141553089
2.46615373831925	176.35543475228
1.21712762548668	14.4283025990612
1.51114101814164	32.0414449828967
1.35127213643864	18.0637470260263
1.35247120324652	22.0696666203476
1.30706153442429	12.876954585513
2.2777744121031	177.345475488209
1.5468541173455	35.7186222375661
1.63356673582803	57.2020987052551
1.53722090425435	47.8802476839045
1.45772652793676	52.0340597699396
1.28976339146811	49.9465351781235
2.07842437081399	147.871456684474
1.16766135208309	15.932652389165
2.12286245544163	162.603777517915
2.59824812625102	166.765930651719
1.41498258224647	17.8349866600529
1.57308175396338	52.1052355716784
1.42997228400782	19.8682416798546
1.34146974107716	28.4736053088565
1.38894501079813	21.2695496994343
1.36576932910566	58.8727545907582
2.71222074625439	209.607371843775
3.30174103489472	190.282097521323
1.62752242347051	59.5726322508055
2.9195647957115	187.38468848266
1.37692324605859	17.9917774670465
1.45640970125169	41.3831712462796
1.44299541924556	29.0872814798421
1.43860288476571	18.8540283774492
1.35298423734048	41.8494159601268
3.81533208719645	280.859292101443
2.66556494942779	230.676268365915
3.397328361001	260.476518295762
2.11559099689033	116.624947807678
1.34593118723933	30.5688712561661
1.40518087075907	34.0938026592049
1.45056760992748	20.3293958654387
1.91054816131998	141.872491791873
2.59311491658423	183.349320756181
1.46773011417162	45.0572240956599
1.53973890384721	55.4946454976181
1.03618431857922	20.6144868556981
1.23934618913336	56.572752677748
1.0812067088068	30.7799954367837
1.44527047825977	51.9390301592649
1.27441414206408	55.2063175100737
3.70329845786391	304.030742588256
1.02017994944708	27.9730844475477
2.99725769306357	243.239434539236
0.952646949196037	15.5884284578012
3.68079022419506	192.783171087365
2.7378701008727	152.822144555006
1.52672938042042	56.3396805926523
1.52448635548524	53.4204458869588
1.00651827252477	23.8036222684559
1.91541465671396	145.196579932878
1.94125574100135	143.368328291998
2.82132961382307	187.032997843659
1.05089235017658	16.1227706600184
1.19197765518723	58.9229991484794
1.10877149206328	54.5240419157993
1.04569372617038	22.0833249255068
1.48407606898536	48.0825369820116
3.34746193903928	300.867682492583
1.36933098080772	38.9722288086522
2.88335790078313	256.232449579901
3.30436928788312	288.125957631851
2.79565212364997	254.020446158289
2.86237696069017	257.53594529692
2.34030768443639	160.052786143519
2.96425375424574	181.967757167396
4.06268050073795	188.417731552807
1.48270330479136	42.0360436103948
1.62328306867516	60.9432653624864
2.47456658003	201.100382386003
1.80056720229095	96.1949781838378
1.34433218065791	40.769269634453
1.19208113945206	39.016511238515
1.11637114324196	17.1092838666247
3.44506910620555	182.494665737681
1.32709515781471	61.2724551990304
2.24025699056766	167.692887788471
2.4677663999878	217.143143779542
2.65744984708484	216.929100060657
2.52757818928416	191.285920056606
2.25342123303562	171.438939956949
1.09063470666297	33.428759483504
1.04094004255083	25.3698615138995
1.0975529284551	32.4050292570305
1.06330146609798	21.8921492964022
1.06177633452353	15.1158807452644
2.98307314892786	298.776223143913
1.65912468375882	33.3536758081512
3.97952187600414	336.040762122535
3.59058987880064	330.58059060834
3.00135582847299	270.115808208892
1.18942033459541	56.9653415288971
4.05146800660745	289.09533675108
3.77805229644389	239.404092832441
1.27308215862513	31.7687621973882
1.42774368847313	18.5257425135023
1.65694093698403	21.6937947443512
1.74415573116858	48.112023739319
1.47353555126028	55.8099101044753
1.28897189293457	37.2983015866202
1.24736526912761	33.0156559123109
2.50401343009855	150.30936191426
2.51809761506559	144.830829223976
1.10611245465043	28.106824116997
1.19404771271086	34.9953420991723
1.30777742852466	65.639235765387
1.17743883627986	17.4130545528036
5.50327525161686	239.561410398044
1.31649342126528	44.0710016078221
1.26208065165906	41.8731470123355
1.28904229947943	56.2861623310664
1.63971016781943	22.0125751881224
1.30988980084703	13.135594751412
2.38638865459916	180.172154970214
1.08129187927989	23.1729007695176
1.11985635189103	47.3371454285292
2.21950427282081	209.257834803127
3.06529559202318	259.213360609449
1.46388753922656	19.7263807742857
3.32802546735792	268.499190914153
1.20093624308356	18.6657667340697
1.13982720124477	43.0191179083851
3.91693482823234	292.162552554868
1.22842751109039	65.168081531779
3.34923275541967	247.102229160818
2.95184246770577	223.570667385715
2.75631922508574	226.154298800223
3.3636790303249	207.26893639761
1.62101766880369	27.6767836099316
1.6034029009752	28.8690565770957
2.61769291405266	167.103116000244
2.43205825367664	131.655039647189
3.05094853633235	185.378603650392
2.67934847399403	169.554266198154
2.80799114170099	185.267798993435
2.9119932208407	194.44168061429
2.92603154511255	212.679339063646
2.91032017868328	247.128294958819
2.35737614347204	234.490376081065
2.40799594865994	229.689728691002
1.18040602014523	36.7255684369844
1.05223359866068	24.6351799948608
1.32273278012872	20.4365249723196
1.27005219917885	53.5152145753783
1.17180326103699	36.1264194487012
1.11537032620751	37.3896900977252
1.13907851502995	19.8098441431344
1.12609296340088	15.3656955674197
2.84192247328747	230.689492813094
4.05161679879351	280.051101596367
2.5926397235946	128.286321123611
1.42963210191361	21.4119845408815
3.20662843797912	153.583268308297
1.32357156793603	53.2677633120857
1.22054428367801	40.8949606697566
2.4066278169249	205.797278136563
1.23654478791013	27.4764690193364
1.46462221518931	45.6850839650273
1.48927666229065	41.4234025765307
2.62199799628888	214.512747306901
3.21086644956864	274.349970521705
3.13933083807515	290.033877960944
3.27533156394579	312.919139803231
1.25082775657091	46.4205571086494
3.46377018368949	279.116419495565
3.53506816914838	293.241242331174
2.87622928614602	245.388752898387
2.3867345194023	229.183307198025
2.82803960175329	308.675431926774
2.40151568137071	210.396873295113
1.35532914333453	48.4760353390086
2.82810510537583	210.772969444545
2.43163476638409	165.274728087936
1.57631119746748	88.5807666635222
2.31692596425273	171.224543881868
3.28268185566313	229.15495506356
2.94156690966002	231.637246672856
3.0536340853335	253.411211012541
1.24882454212847	59.9201178955949
2.18444055689913	204.356516327257
1.18252292592251	36.4338028565384
2.417695339589	227.395377958886
1.22950629618481	57.1263005563121
3.2096808565774	255.23126377304
3.92289556762836	307.506846832928
1.04187160729157	24.7379402470249
1.01780053847904	34.8389610104716
1.20019125079443	41.5813217401314
4.42393959935791	283.015114473563
3.70807407410776	282.971421059467
3.05489240318921	270.072361347772
1.13742177834502	25.5296919709363
1.3688178822409	59.6969617064112
1.30457550982251	61.6434638488617
1.4258229911062	53.7554851214047
1.31001737376982	27.381682590887
2.66704957047377	159.938793772432
1.46794709699316	26.6772105216752
1.77394688839558	47.4618647538009
1.43323303398211	23.4473181012435
1.72898829152109	50.8288160046505
1.74390444054734	42.8001261328464
5.30504781364866	208.402437196712
2.36038834324316	192.852743754578
3.19700679616989	282.884815191497
1.43384551839256	42.4468003750921
1.39674054374473	53.2206394670884
1.50411205936689	27.4985041659674
1.31464603068571	35.8067287180405
1.19080867327941	21.2482694142391
1.15314670936316	15.4401393105474
3.87550479816031	322.452052363124
1.19355949875327	31.5003604065666
5.88780451158956	330.634283446858
1.22062438731029	21.5089465444685
2.05572508954073	182.146628048017
1.49025108932256	77.5974708375904
1.28628050437965	45.3155753533975
2.78815614077576	248.569119081887
3.02357535333985	278.92142732026
3.91811415373183	323.83637010432
3.0857550554178	237.602268350861
2.97201049577772	232.464596686764
2.96638879738059	232.744729767495
2.66476894332553	205.106473158703
2.95435350959284	221.549658320424
3.60776440174561	267.235980434269
2.02073728094912	209.884314273822
1.12722816086534	36.4798444497521
1.08714395798296	19.5570866236712
2.1548471582947	193.576366997522
1.09025488630746	32.8952609895814
2.68430097797179	215.545946700477
3.64555661118986	316.948409286836
0.998547588340443	36.4669298694699
5.76361355040614	342.271012309077
1.32219378737833	65.7611640556718
3.32702951266601	244.979413371384
4.64367693917468	296.374792654054
1.22978885600242	21.8286121756456
1.48117917527708	50.2103424711658
1.32859024374011	26.0938303854731
1.45574784465134	61.2726814278866
1.28581574707587	24.5146277232393
1.29550358300912	24.3527811222156
1.46970479901938	59.9390485956609
1.6457868324901	104.99227945103
3.16706650910782	149.667191566099
1.41232780947254	14.1444036752029
1.93702351824163	64.157629629194
1.55384802604385	21.7637318824199
1.56865077117914	31.1085716226652
1.73542787926272	40.2329120587092
1.68126996653154	19.0489872257458
1.41052929728175	23.4056087501958
4.5264012308014	254.480370844966
1.16928600220126	28.7469271853188
1.1918944897152	37.1240991287795
3.60317369779141	306.377910995647
2.82155071306369	236.867351547476
1.4310663352444	59.5018287828098
4.1349485824124	303.165991955665
1.13950238925555	37.1059602334719
1.10681484140514	33.7001556620818
2.77564961748676	235.578777782646
3.13654538158134	295.199724309369
2.26693824983153	223.482335182821
2.48856815766658	257.890340404478
3.52258332576707	299.288006290506
2.72969296085622	267.10239158071
1.16301022059041	35.0514198960085
3.05781742967918	293.349914244515
2.07309623294596	204.640747025471
2.66294842148736	245.873144499302
2.65598785541575	229.951057137004
2.2255763881712	195.001688140811
3.30207977402007	257.665117260191
2.46662336082994	217.866860284053
1.21322274920122	50.4835256151599
1.40979166027546	104.060767705742
1.9901124003745	170.205896613375
1.06988370395266	28.9350576176075
1.28725943511319	87.0010299696469
2.58463427984074	251.18903102241
5.38298491735952	357.100626668376
4.58886138027581	319.239369706265
4.3755063189886	338.255173204564
1.08269770311593	24.9257349939542
4.12959316457767	282.599442983207
3.40997172882288	236.391080690162
1.40745495259762	24.9803838669323
1.27021285247702	36.283897126375
1.19018513992472	26.1307243622053
2.48281165451167	178.069093061762
2.34156130895342	165.247141845119
1.24182766903112	38.6797447487812
1.79296311188136	151.625726385017
1.35433110767735	43.811446650532
2.39019965102125	152.232996621979
1.89698116450199	60.2243369896824
2.21717618129605	122.531248022873
2.12751345661594	81.9293022673014
1.98057424661238	67.7767162366654
1.87417306366842	54.0993861340101
2.03333575837314	52.7330187296027
1.55971584773943	20.6529862713742
1.33427973232028	39.0202970101055
1.37511051733507	23.7129394630317
1.10527293773168	16.0786022251105
2.55296556299314	255.954118662089
1.1791212160415	21.0469312098496
2.41433959104428	224.135576045793
2.17408793395872	217.054188846385
1.25274170725177	58.2967106378873
2.09834491429387	195.619541150307
2.59256695443434	254.682260621338
2.1137556680112	166.423445277035
2.96230971320239	274.486133685366
1.15627251389684	50.7220810827801
1.14842480936733	40.034970048873
2.85575930280029	282.177073702913
2.88248926438563	258.112958071348
2.72593697274047	270.744794519594
2.77315825829816	286.595848196392
3.73873048953459	321.551884615947
2.72677527189797	263.738336929665
2.28586332222699	219.397161120007
3.54327094302807	290.254590735592
3.5151870857788	284.86999157809
3.66643817714211	271.458803196908
3.43399696088063	276.890662510815
3.0927066685412	270.772934346076
1.26097820216091	43.5190549554243
1.2550951105992	70.4507050649033
1.06560275013544	55.3245203756521
2.35876551505221	230.882625778659
1.16600013963045	57.6600930411779
1.2336568792614	69.3160653620536
1.14265752588062	49.1599472453422
2.38748993443728	224.183454316347
4.09412519996028	273.7300042045
4.23319179991435	265.334091134141
1.44657175617704	54.9761233735882
1.53401442409086	44.5525022676957
2.38545822770575	114.303189864717
2.4885147941009	156.152269207233
1.27028924671731	30.2622853979058
1.3257983927615	18.9825329108862
1.8031213447051	135.566142200008
1.15579174434424	13.8139334551665
2.88246999362258	240.210453339688
2.50001570617309	225.390436167882
2.90754116144612	233.111250257745
1.24661870357971	29.0945038714328
1.36665861454094	23.3178350748202
2.64100673337816	161.076192678606
3.95831695500924	164.297078559773
1.78255672380328	12.3566810488701
2.134098169607	75.959371351846
1.83595303480979	49.3094482508604
1.93936842583207	52.3431879259913
1.5951016410836	15.6255842195532
2.92170650021703	144.528945322353
1.23330772239927	29.1407498265863
3.74291856224098	337.985307521386
1.08684043667745	24.9172120732838
2.64714440509073	268.324858777121
1.14529620521353	21.4226987031725
1.11395190176336	45.8141032671391
2.25143022477907	213.719498129765
2.06564212597735	175.671168895587
2.09435763144256	174.13796682362
2.3091577821504	216.123963095967
2.40459362958873	205.286444545976
1.1357401041477	46.7217715789041
2.41323619050716	242.210474592548
1.3314467492134	115.98650123033
1.16525887452644	46.715049072602
2.68416678461635	248.729990483298
1.16463499265956	55.2752192165643
3.39985473621927	329.623279637193
3.54155521786279	331.331808919848
3.77375960835363	328.493796453033
3.12905944371102	283.309160931805
3.02208807875152	255.371097853458
2.89317261008391	263.184506572481
1.11543397024388	18.5168212615409
3.17866983366382	272.31154194519
2.66116398391854	261.281299344345
1.15255439680186	31.0934275198814
2.46665314096224	263.364633260639
2.84405796281011	344.315844293924
2.76547158835485	331.996365909262
0.976150744935239	11.0175263103926
0.952340824336943	21.9007905078642
1.0658462252135	43.6227489431191
2.53983026193249	226.092664400344
4.25314506303252	296.757429456835
2.68996289971432	212.062281576482
2.00935018066356	154.000140486007
3.06536755128048	244.870316905975
2.41741022988744	214.514843863939
1.45271693100221	15.4602116084425
2.43528145352064	200.729747210381
1.21400699246146	16.318564316689
1.23500736807364	29.2852281722398
2.68339042165962	195.898616299144
4.10689905901761	274.740667010442
1.07158245781875	27.542070467973
2.67386298596697	242.96289600913
2.68516089785226	225.695129303779
2.15249309847126	174.54759904132
1.45552583277242	48.0976656909562
1.37792622882739	40.5724447407109
2.99150376037743	113.797514013872
1.94749873899309	44.3221968481592
1.67378946433018	36.6872393194719
1.66874577244744	37.0693388879297
1.72524267215522	40.5491037887903
1.8433026210696	41.9773424134909
1.35805205361331	51.4847634732706
1.97292335121404	153.35221391318
2.80936852525593	233.725384553276
1.93962537166949	175.910193788858
1.00083868828006	41.2628076521158
1.14842518328632	45.2178621227614
1.02234461919524	35.1407019939973
1.92641973206844	164.690611515218
1.88548311049922	159.267335577952
2.08124581286751	186.999034232679
1.12053814835566	37.5757468448039
1.69738837987203	152.84458226609
1.79394826985084	178.087341344718
1.93943144142281	203.105937723983
2.03700499063566	224.250120020075
1.781829292205	190.811775815788
1.68833999166782	183.735781020225
1.16429780894535	38.5918519541664
3.00988188586741	334.428949616483
3.31787773787933	313.351657545455
2.8234704738129	299.156806764063
3.18055196973555	278.714628306147
3.82269302589395	299.437793513641
2.39975443664182	223.406514974454
2.755161782227	254.121924561611
2.50642512865171	244.637759748498
1.16815810826245	33.9793235480322
2.65061111276092	297.381608308206
2.87803042227919	318.482385843195
3.18200400340102	293.204374497998
1.07900775820579	56.4090152938359
2.23365426907515	207.064460765974
3.46507797121933	302.419726296012
4.04119855760513	283.154988611213
2.64987475192999	220.14039622372
1.1613303750574	39.0812592447626
3.35776049482104	242.643171630659
2.90684784809523	216.625467979316
2.77791594458045	225.707509480474
3.56692287048009	394.276255728336
1.16448643777164	58.8468664168109
1.19998039083957	55.8943354114525
1.3588352434017	19.6696857718744
1.14360465865682	42.8057172787371
1.22391979587601	60.0828992428335
1.15371427014907	53.4919983921316
2.62263620657836	224.91260393817
2.6197805255446	243.954709920463
2.80055036297222	224.871792492068
3.64533817374776	264.620656563547
2.35531587331076	248.215888896539
1.17808844576035	42.0647004617967
1.53048559658703	44.5398669889316
1.43222608690121	35.3689481154872
3.17131327775406	115.480995323926
1.90583641210287	67.3899301784334
1.67368386479666	16.703466203461
1.8599070510827	37.3500356571747
2.14150773205984	69.8937051859884
1.44631753617432	17.2412195280777
1.48615443539529	63.0623264032673
1.23365511742577	37.739942734761
1.16786152729765	17.8714655796067
1.11753959288768	42.6699577973095
1.05729777619854	20.0271222411447
1.34991322892506	114.19307424734
1.48517422460769	130.057712991534
1.17716622411348	60.4566435662766
1.98544089985284	178.032001928128
2.05227859204456	209.062646574245
2.03275001412961	194.021802851737
1.96385592421691	192.328970486725
1.48159890318421	117.554339010004
1.27495018850186	90.8986146719956
1.70235667434793	153.995100450902
1.50319757432084	122.648970558296
1.11860455586248	17.4347669314288
2.32171324140906	274.145092585417
1.08677874186571	16.8720794777087
1.09731963880768	41.9933652433176
4.38791411133957	352.426620082023
3.04082614072263	288.367198158145
2.28300342566002	247.901664361487
0.978207040977367	19.4009651642224
2.40820290976594	258.228382614091
2.66911268094807	273.001424357042
1.04561143686101	58.6575347972999
3.74631653426735	346.488989268704
1.15282975255388	53.2379668792543
1.10094695471799	25.7818762490634
1.12121646063679	40.3226658678832
3.78853204157901	289.275591978479
3.62822599271007	279.908538765282
3.77134026804178	268.967808232058
3.91603755297376	250.707317673017
2.56283044721533	203.549152740261
2.52391392176067	205.919478488375
3.52918266768199	235.440999140765
2.76226509026886	209.444037517543
2.15791420877222	182.74711478328
1.15421121826766	61.4106140998706
3.57074949392371	323.175016547895
1.08065832989541	56.5921953780886
1.35362256597727	62.9412103069483
1.22692745904783	19.8644059532211
1.21107306467218	50.1780872728271
1.24140298690622	37.529492123699
2.96863132114434	234.880488917986
3.69497938192251	284.980989270821
1.02202486062743	37.21079020236
4.67651464914339	285.723935454444
2.70052473109203	298.812509714549
2.4224101067287	166.257469725199
1.45112515126311	26.3324439477527
1.73421443253756	35.3666796698236
1.91344834584743	31.3666864559053
2.33329499610476	83.6262260651316
2.3299417555877	81.7130513482238
1.79097358830222	49.697096178679
1.79185411660819	19.625005225014
1.47201896688284	47.8057960026573
1.6091527785282	73.1158500848125
1.16527875803604	19.3053298884684
1.15008231542753	24.014495470871
1.22934468270864	32.4688582598599
1.12178533780388	34.8902795991164
1.02800321084914	39.2511392029684
1.07008855791401	47.8308144248281
0.997528808422267	27.4997896134777
1.69691400334772	166.561350638191
2.02399810532309	213.513161084791
2.00645239989066	193.844761475236
1.95808836395122	196.073080393373
1.49890254234284	128.329076385602
1.67220051384423	148.868936670731
1.86007538924615	190.173420408998
2.01440076114489	218.790551588911
2.41011336219906	265.182083561918
1.01313511632404	18.0884935126552
1.07644073315373	26.0072378894745
3.55873927578652	346.595814129411
1.10428869182722	44.3239428760768
3.31282514796978	285.075112229097
1.05492209165132	33.9140776900565
2.3409730259328	246.555186505442
0.987286745582722	25.2586890443537
1.04571478038883	17.9454138054815
0.957104278779241	35.1181067583194
3.35277264004903	364.066200374138
5.03148896134005	426.462587146344
3.64032437741401	409.362387196548
1.14780935171128	51.1463512889494
2.82115860018283	275.336663192908
1.10831658741327	40.8267938997549
2.7758726364481	228.400473002805
4.70395703325005	269.520474424287
3.77786910049169	244.292608904154
3.03112887002835	229.493852752494
4.77636473869732	261.154761930824
2.84840399171751	224.380212035669
2.75570680355944	238.496591145453
2.34600284937451	212.289000928819
1.07803703544445	37.6218082645322
2.71761154095021	261.789688018987
4.15417367785817	267.955113210497
2.63813743464191	307.281685547629
1.36546523407742	56.4952474137753
1.21312205397931	14.4978988519952
1.29863107101187	46.3063585073405
2.72700372375	243.819422991097
1.21026494181001	38.4791191161917
1.04531521224271	30.0585798217106
1.00724253011765	33.3556703679145
1.0840580351352	47.7069459309811
3.07872201681902	244.043957448543
1.97680618167396	29.0542581519914
2.16865944862366	46.0502909263596
1.79805292288074	28.0487270522571
1.81677852710709	62.6442816073542
1.78083281430736	52.305234485568
1.33434857980461	17.4681059893665
3.66749712634588	157.186998684012
1.64820052959112	14.9176044566847
1.91321544430684	39.0389398028493
1.22823658150446	19.8189507510032
2.1845600959042	133.527608263442
1.18660893123538	19.4298613499492
2.04557069240541	148.207556443349
1.6282548048917	131.855767029461
1.17655474204366	75.5357226530283
1.1680259385597	99.1488549105707
0.944666436385887	40.1310509993163
1.39691194601425	128.865655240107
0.886420415180964	40.5525215813851
2.04511235579691	208.451865818376
1.62609772270598	164.604159604246
1.65636852066218	152.694072877104
1.79030798887141	175.220087030389
1.86947716788667	195.661755871012
1.94299488179775	194.650775357345
1.79905850448722	180.334608115606
2.76688136892176	323.025416882821
2.36240138518353	324.303033785451
2.6871648514292	308.766500244868
1.0865517728414	50.7625581607242
1.14729276816718	46.3934157570926
3.20801031426222	319.215002045953
1.00834535211474	29.293400078683
2.8052670788607	340.061165932171
3.16139297361732	366.589123681213
0.986426713357446	20.4219043389608
1.10692675738681	60.6109141236147
4.00186347832505	405.897301737936
4.73008683706345	416.540831685059
2.75537507328696	321.517876649434
5.00016419195364	303.523494124416
4.23203209360449	269.636498705682
1.05903095777988	21.60021681256
3.88709929661277	247.561707782924
1.16618549618389	48.33403898283
3.55546163969989	227.866609825964
3.87955442527978	256.35639087359
3.66321078987101	263.23511278481
3.36990981741118	285.331291489884
1.24772281726024	43.1084258673299
3.54051371861414	255.470398285958
0.899600902077509	37.8430002844109
1.25190377314782	59.2443622127094
1.34359466464289	83.9980778213655
1.21274665194596	49.527952402026
1.11632222008484	22.8177804045264
2.47721264360007	179.010681840183
2.06181187220835	284.426416717274
1.40779594607011	54.1492734180282
1.15947748185135	17.0932905585505
1.33066078868779	52.9675930906358
3.75598973361173	241.076017759817
1.37656659936937	54.7944516610068
1.0865216595671	46.0883399040814
1.14572428478107	37.5642068967775
3.10159348661371	207.451183057866
2.91628397670434	170.145937578635
2.30308760902608	114.896602217054
2.54490132166854	131.925854347603
2.57178924380362	194.911623316722
1.32900824875105	18.9434588027071
3.16681056040839	204.323594955127
2.83900288572066	141.172024849989
2.10678276270319	106.453812427469
1.80696988512682	17.3461368356926
1.82666650114697	43.1789957092843
2.27913791899641	60.8889347752547
1.62020704194187	62.4639523169909
1.45444189943373	44.7817687815988
2.08813005269724	152.757978079381
1.67945059472986	136.533584827198
0.974584014811609	30.244077308348
0.991045517965258	49.9998126759956
0.976962044340326	53.6291566101865
1.18447606358319	80.4312227328466
1.48068355478099	151.951317681561
1.23712947775559	98.1254078749419
1.46723549375176	134.419892035168
1.67903229862334	175.77168476751
1.57897685627682	144.424923243192
1.84297936972193	196.521269798946
1.74431744925517	178.121224189284
2.17356314257636	241.238156291379
1.88714559042083	237.321510435011
2.57601992958604	317.795310575667
1.00797276209533	14.7456758683224
2.81462339395405	303.189106334706
2.82857479805426	343.393421965393
3.51127582295784	391.590009088174
3.47943461678215	488.22636798074
2.49970061023193	388.427032177239
2.77174116989422	358.019264664238
3.61113288219552	405.692093363408
4.30892354993594	423.678085847454
3.6032834893826	383.539069285641
2.48140563935301	342.666765608028
2.73140176513289	392.218527445645
3.42653629364906	284.663117751309
1.01990523499865	17.9358919578281
2.73672243025476	205.169714609604
3.15589759085395	224.725185889174
3.06456630811197	223.136309724642
3.77161957525744	250.12333716889
4.60406696763029	276.668080260823
3.46520607492389	269.483688384215
4.07968448507651	241.805511539428
4.24066869864046	253.124676364073
3.43419350454101	213.972939432911
1.18132574947691	55.6546416287663
1.3101231482874	71.9981819912574
1.42026754878847	77.3803056751677
1.38397794082198	58.7287702881846
1.63437764704577	39.1633236180785
1.78412918909453	24.4647213838761
1.76386311374858	45.1661988459066
1.69022720344606	94.1837755316754
5.03438030547686	233.168084782456
3.27042513523179	262.070490529534
1.26634116376181	22.469572377198
1.13306448187745	15.1557772964907
1.17538201529533	18.0803075879812
1.40696728030889	39.5989896752324
1.39473929593805	15.8426392308319
1.43478677544044	39.6760673095413
1.45847222546763	43.3130742726826
1.36997563120275	45.2187500493148
1.38322974907624	53.7202970056005
1.64249827599451	45.8876330303835
1.65056259123412	16.5592814456004
2.84273235949468	112.361865308515
2.45862844666772	75.7153309720213
1.62093321699467	25.640808991936
1.71874688411344	28.6704977853452
2.41930215924731	162.884189983061
2.45183768134991	178.339425627662
2.07297603279608	160.891128166636
1.66560896311317	120.430130013107
1.4267553879368	108.673636694981
0.89942151782558	44.8458337553691
0.874562159529887	42.5762071265489
1.07229798704225	64.9406856681698
1.51672709926061	138.307925189346
1.49349832827443	147.231931984986
0.985532159502239	28.8726886828638
1.43224163020272	137.877594191071
2.02341364994368	231.221469819659
1.08896756288525	65.5519772629201
2.04031650776339	251.879625367578
2.14652007465973	258.942282372873
1.82405413884675	230.667607276825
1.00880171226947	20.2643044456741
1.09559758420679	62.1216999684192
2.39749995762178	306.803962884984
2.56643646690399	330.291046908143
3.69766297494217	396.232113391429
4.28612958593768	492.476178509101
2.77680436981714	387.624240914437
1.06096872864418	100.626112162065
3.67931077076903	405.146850387639
1.00477109123892	59.0042130144762
3.16636554893673	400.842675983447
1.02864664882622	54.1977235550053
1.17298468290261	57.84403799686
2.0281280597747	185.000625592974
2.48011335841278	197.574910396986
2.74283464873496	206.799051852848
1.11993181307389	58.9966503943185
0.918224617427313	30.9166034989265
1.00429946845537	15.6901924466626
1.2074712545882	49.1286635956596
4.39323469839525	269.02315216176
1.17083236334734	36.3436942728357
4.09635612626646	225.020560116652
1.16869094036194	17.6139701123299
3.01465754230276	223.854423767775
1.27926015879348	18.6667872638882
1.08756739917226	32.7092638068206
1.14925515151117	57.5673832720496
1.10250466353135	19.9146098171139
1.53807852397439	84.1679507825873
1.72355266311183	108.226579800979
3.01252317984715	205.455024676741
1.49190455010012	35.6415491482763
3.14302603777684	159.070548622696
1.55145515659387	21.361433988901
1.29837541434517	16.3826690566049
1.35046056067767	53.656297133898
1.79704420630696	118.338054358342
1.2929470064837	18.2620097919483
2.2327551067503	131.882280930308
2.1450398169256	122.424376611352
2.460813943635	137.911529143055
2.10776008898418	99.2059434869214
2.00887003585922	118.452264858403
1.25413958946433	28.409563412651
2.0943709915955	76.5959299231651
1.81509491325613	66.6279252347469
2.40309696439363	73.9102196964449
3.03949768300982	88.8484182461625
3.10001094609623	99.6816020298416
1.86174734914039	22.8191056286056
1.69016300549265	24.8802167575922
1.27066120760344	17.7749061731795
1.2969515211	15.330222802334
1.86127477195476	118.956534016252
1.60290753520381	91.3532422837481
1.21680011260469	54.5408548194571
0.947770041530021	20.3831410138809
0.928795675687311	33.5242595064476
0.934139855235117	63.0684137621281
1.04377070178089	54.9222213778214
1.75720107048132	199.858047697345
1.86266638324893	224.151300671806
0.980740177581936	30.4820020496473
1.81162939252831	227.062746763991
1.77983630996907	217.174885446728
2.04285834696799	246.238380687468
1.91414065310631	219.008212878881
2.33060883904144	283.140026911779
1.05384681605938	30.7115677704024
2.43722821371384	284.957856874964
1.01171251392412	42.4915251549298
2.22455884443266	296.256543120068
2.7518117703773	359.175182923886
2.81730838362354	390.998067142828
4.02675094163699	428.55284349637
3.93335668308897	452.754830234782
3.17980279139879	359.179096437009
2.59293087700827	326.593882777279
3.02235699405308	403.853406602391
1.03667043967289	37.0768165324554
2.50683224422382	283.83992950697
2.16637734481629	214.511515613461
2.36813314854043	208.33868123748
2.9389443957638	243.932996442878
1.01000607899186	13.9189171303715
1.00189920959954	45.7005798823404
3.12863869145304	253.132215687602
3.86888668934446	270.742138197049
4.97986448956996	277.568148597051
4.11156514367308	246.469096855252
3.06469768952876	199.55796581555
3.57110629598574	211.856259536849
3.69445805305229	210.778137179916
2.28993827936587	172.755548253144
1.21952640734901	81.8791510180671
1.02012269111634	15.4792885921972
1.13108311671795	37.5844205759005
1.17546807980716	55.9942701914498
1.20925544941565	19.2664237789723
3.04177643209206	209.359222045388
1.53906916287497	57.9170941541291
2.37376853241585	29.0172898978926
1.60419619719323	15.9701212290093
1.45222280872986	32.3869445698801
1.30698857208314	25.3021996534468
2.72927552912698	120.870667978542
1.6354746799916	41.3737080497666
2.58756903358085	85.549798246084
2.0897995091826	96.370075623589
2.21706045059545	86.1406564444115
2.21396478563838	81.2427916740054
2.27268094332249	76.2283692646521
2.56265827418679	76.9775606483884
2.42483239074681	85.3493914438688
1.8754084740649	17.7917513207795
2.90435861051082	55.5873102985787
2.0505964756012	23.2615017914214
1.82962072885493	37.6100656459186
2.58678239610162	86.2837110421239
4.12947854097251	206.165655833507
1.38446867843982	25.1747027703268
1.29971330990702	37.009751608658
2.01328392690286	127.942452692647
1.43171719211614	54.8945935905348
1.21936550107785	49.4576074298237
2.45715573531013	247.613932424769
2.48868544329938	284.001847007547
2.21310735979	277.508688023558
1.75473640247031	231.195621573064
1.96646363280564	251.911765158291
1.78635821238523	214.280867876464
2.17225717800625	308.400999531789
2.50862195094287	371.483629317811
2.11286424520527	264.128000955096
2.40013926216052	282.884364638317
2.4970032514365	306.074337791333
2.21025398329933	258.953194965448
1.1071168421318	49.6692779969957
2.51813411834482	277.942578204328
2.37176120095457	341.094628492509
1.45444552792061	172.195570148075
0.944893204954946	57.1389484430613
2.06112248580467	312.346488945387
2.46271438934199	335.282010994266
2.85242794766556	382.021830308494
2.26383260546246	311.763822966952
4.06558311925707	413.923126362523
1.07249632833231	76.977446417415
2.95457843709753	366.090708619478
1.10621070977052	63.3573696505492
2.66563758421398	260.170659069182
2.48024626522084	250.911091462671
1.1489514977053	17.464908363478
3.28456043153589	260.791716812698
3.64984106883119	259.948455726691
5.8353207620344	284.316305816166
4.23785588879377	280.165924296742
3.40535037441216	267.674376614323
4.17028948023614	243.634565856262
1.16309672613713	28.1158904598028
2.8787661866171	188.062405560491
2.23067524120453	175.403509789553
2.45897871733005	295.035991575659
1.1208080034979	20.5606007921428
1.80481135276805	215.070932405625
2.66188082144621	264.011193352729
1.10119117358227	52.4488926375533
1.09607903766619	49.8044176722399
1.43930447285632	38.22786845398
1.8576211885155	123.051635013984
2.02232043462573	58.2953728497087
1.91444968828	44.8157157000385
1.39975874629454	30.6227610868373
4.90431126517106	116.753982972398
1.52207809699758	17.2232690187484
1.51769138399777	30.4788980557002
1.55834573629545	15.1697241318616
2.00621025450528	35.3856723392381
2.23285543390375	44.4425158819287
2.59272946836427	84.661557225045
1.95472525656692	60.6089658833099
2.53372992744698	91.8687832497199
2.40501213466393	94.5122986401388
1.64720931322154	26.7098477406981
1.78493173746392	18.850945546059
4.57418854616891	60.7162905573584
7.48163078479732	95.0367115734947
2.46607595845126	13.6322975357762
3.93801260077009	164.343340386342
3.41361150453304	180.281869495902
1.19205559143302	33.8428742135838
1.77251705709318	103.828565297109
1.47405978100142	50.7395813691256
1.38985018472886	54.7414254593022
1.09070375957904	15.5268276179021
1.20977845986834	63.787750067205
1.03447756987316	38.5858066214585
1.06461876575685	61.6324289583841
1.82737233300112	246.68317025799
1.00302436164202	63.9920401547167
3.65956771309485	392.775870702303
3.34237367988118	400.904503191637
2.90410113912649	284.195224509784
3.27136616305944	316.192695607013
4.09831451560807	360.411962828227
3.08224499738287	319.939818020253
3.03744504448828	302.967664290505
2.84479322428599	289.822723370754
2.38098067037717	293.369143006228
3.02521283433417	338.634448282581
2.65843736031298	348.622499138732
2.84070087473951	371.560349006383
3.02575151324565	381.694698307342
3.5279820194179	413.377676517467
2.70932007543245	334.591782798266
2.61035680128339	326.968570217871
1.03050167500095	61.0989442981791
1.04617584068969	71.3977234765937
2.83191679763676	337.329393976943
2.8450624971591	349.137205362474
2.95838455429991	334.983373243478
1.0586757235663	31.2280130222178
2.53304403853812	210.81597082273
3.76773428094532	250.37204149408
3.83489930788564	258.071158674634
3.66642480241826	255.926008328609
3.70344480045262	249.443628116771
2.9487545437095	222.983723456657
3.9324156202659	248.59712347837
2.62249654522864	188.066486269735
3.07780761788918	245.634582730318
2.1302950960297	266.468736142127
2.42449037480276	319.724680424067
1.03961129468112	45.1624397037758
1.05393513865222	30.2031249372675
1.08919733765805	52.1976812232717
1.32883994121585	64.5552606526596
1.27799901483741	22.6864678369648
1.484587679588	27.3238203812072
2.09790220059222	54.2555632754519
2.09638869200535	40.995484134277
2.14084311691113	27.3149227512766
3.0578243350501	75.558190897898
2.38665465090889	34.180516068067
2.24352119339164	45.9242604324246
2.2547442011637	59.8499982778628
2.50173248555075	75.2268785572053
2.89576141871181	85.7042404161261
2.67621050132288	80.171298690889
1.84319776622579	38.7539564277978
3.52348760680675	116.122459986605
2.40889089788789	84.5557175955113
1.75497592154352	37.3117272962645
1.63748807156662	21.4761384365702
2.04973778361455	32.6620666363742
2.37926558667095	23.8904760266596
2.30277267744032	33.9286024842586
1.95540863136921	32.3106369766973
1.56676165014505	18.1770861439872
1.98733284383679	134.805114536016
1.33608205362041	39.4018249762603
1.96424050883979	144.845805473458
1.34832529159445	58.3925015376699
1.96946481670966	167.709721903853
2.51424421778194	235.466846479906
1.02873226401148	26.9956312912023
1.33426409435084	109.575640442868
3.47139785787597	353.171542219625
2.43328483811087	328.300113109361
1.01851558074122	36.7645915549073
1.12083367029081	56.2732845907119
2.49876820962234	280.624689025478
3.44266241946611	320.976347766835
1.03498147097223	28.1920225961985
0.937947029131976	27.1906355659259
3.91098037703488	336.465517067721
3.63449886900472	323.533292848844
4.06606239768721	341.2627465413
2.71233060506477	312.849557937058
2.8403689193693	334.074015764092
2.98726145294878	370.937204577533
3.31367431163235	363.721117582519
2.43839163025324	323.172615167271
3.2769411053571	365.260413550161
2.73513660256843	340.957985753325
0.956666634437852	62.8295905705353
2.85558515165715	326.872221857819
3.35581492174184	360.300782432683
2.53094302590923	318.540116648055
2.28786882285499	286.472768510263
3.57688569851526	314.330322926479
1.12837505395612	31.5788594112159
4.76349848155684	303.838522855467
3.59913203747983	230.189072986598
2.42682120039512	193.647988263456
2.736927334531	227.742025580673
4.22138812906879	287.198606543807
3.12426799134131	287.35014342582
3.56869446134966	274.409885766562
3.12780511863078	248.280295406555
2.71684006593424	289.717791887277
1.29644509851332	118.568557068223
2.53339098395883	376.858179929836
1.1069196825465	25.7484877646334
1.36013411846716	31.4194155024326
1.43342304858379	45.2628772106257
1.84521859680535	34.5507414539752
1.87690512144764	39.9188974117279
1.93333262501983	30.6470709808927
2.0261680095573	53.16784914615
2.25072587328032	35.6640731776132
2.37163410935318	57.5564138552001
2.15493475309267	39.4095872371926
2.2529802691538	67.450604535976
2.20684345755035	67.6574710370398
2.79734277538317	91.9080372389613
2.60013080305604	80.6197415576026
1.95680131225163	73.220471984778
1.60669073089957	45.2071947813967
3.16882524846006	104.62062798826
1.84053073319956	56.0162458914564
1.76458343546597	43.6710447955297
2.15393117204076	54.3739942452232
4.64299365734831	112.597821849415
1.83229407703038	47.9640325215294
1.73996255197562	45.1760315176796
1.88735834283534	126.400593941312
1.80449070412078	119.597485952108
1.82089850788166	141.217521381984
1.85919863346248	159.053422364022
1.99338858094814	168.08804460109
1.08349384010184	37.1215911360568
1.03683101439856	38.6547043431881
1.96019019710339	183.226765874682
1.31494050676018	71.5401357409338
1.15310807055211	39.4860991124824
2.33666684126098	174.114841562659
3.01239086846147	254.949132116898
2.66800775019751	248.34324938022
4.33113738192279	319.12142224196
3.44724235165054	321.773218307923
3.11950797280934	308.295100782881
1.03844260460545	32.8687826768401
1.06757477609673	30.9020015504762
2.87872102253283	298.350933322315
3.68595095792315	303.71849114655
4.36517096387316	326.925972807976
0.95845666793619	54.7568070488933
1.87227851813628	264.196344643259
3.33274997528956	357.409398599057
3.0714789332281	342.41072136721
2.84910555010628	324.583781761167
2.89657218233565	334.163230735011
2.6454716264201	279.342439390782
0.984606582128338	82.7368957872743
3.28080488634041	377.942636445382
2.54012624293734	342.116166045385
3.09421758160937	330.171730747475
1.12447026512904	60.7193320892898
3.35996356712219	407.180275872182
4.0164142509665	258.601379069505
1.17927519748115	23.2368981926261
1.36391107339828	53.4222408337013
1.11382215764479	34.7359600549257
1.09975209586264	55.833698815266
3.63227068835757	335.480541178428
1.08214418256293	45.4514775498252
1.16876072907648	89.1805715860532
1.01932240179461	64.4015156635241
2.41226185958571	371.088054441783
0.824535267198371	42.7488117460596
1.28312403707969	42.7905857366567
1.6785306003876	43.0109048625453
3.32165740290628	176.76875391301
5.3874056258714	185.970450240058
1.91731093730777	47.1001651335973
1.73444321146235	29.772401005961
2.0331172781107	25.0054193376018
2.12415386858629	26.8202354315146
2.09527072589845	41.0098254010083
2.42945264426062	77.2519543615332
2.30226944023348	79.5946967500375
1.72041674523156	46.3566156990059
2.05858614424977	66.1769026735984
1.67371892067456	52.9020215360327
1.95557326148264	56.4771227837771
2.73939514673612	92.4161051307505
1.97207627579337	29.5765294002195
2.77899801968898	136.277416522165
2.00925757453297	18.5970180759768
3.71635797919327	121.511352797958
4.33144194044803	129.141891815009
2.1044858229161	154.453422480197
1.25418265005079	40.6906277932668
1.25280592289619	20.9479981312881
1.77392538043819	157.241873046416
1.16728068825793	58.5305093575121
1.07894630252258	16.6386458570075
1.22859860113704	47.2650514148176
1.13297938905498	25.8848861231289
1.3502210724295	83.8453460387867
1.23658731408098	59.2242816192884
1.26289208717999	61.1646982003563
1.38649618918936	72.5317748626389
2.4873795658553	173.612946149711
2.90869331203486	231.35684468582
3.4019545884325	235.576685298942
1.09337052015095	25.7468641394236
1.22115535184275	59.8202260053369
1.17878874137887	60.8852264299027
2.77071594282802	293.653762205403
2.88756406999589	286.841873254896
6.49838831720663	360.570062259657
1.03903085187591	53.1346709452759
4.1850816045546	379.420507349362
0.884584520264644	18.0069655055484
2.50397499464752	301.453109498045
4.73573613402176	388.466133669565
0.988213215555116	53.7557317253508
4.17339086503704	368.644556637625
2.42829989583206	303.574191598737
2.84664186966656	404.766559365453
2.79330835812503	360.307884430103
2.47934659120914	314.829778893347
3.85684938715973	358.782171705197
4.28105885909256	333.171437796942
3.33875546716285	255.142963502019
3.70529239169741	246.698273059827
3.13444937421097	183.637949094393
3.18835475625044	200.34672934062
0.95217631617561	21.317508557113
2.76184287632684	320.258109120994
0.982077925866179	42.9531550716203
0.981115741996179	38.2013635971017
3.6536293341597	321.952807473679
2.55225137900722	274.630740335949
2.23674312268995	283.477516443423
0.802254569225398	36.9977748918551
0.85912092673243	47.3849670587807
2.58858411499639	190.462821658381
2.42554574047904	150.095360167486
1.54130341489213	29.1566462103159
2.71429943282779	155.583541862281
1.76153109125153	40.8903831554925
1.66788382061463	33.2350676635455
1.84507353597291	53.3007042049284
1.58600755373482	13.9354840635205
1.85265692553003	34.8725983412731
1.68471314723138	41.2161142194526
2.14683910559688	79.5427021187422
2.08142561065581	73.9732932992164
1.96877295090887	67.6204875687827
1.88387194383085	64.0635321871311
2.44652341853362	77.6647344641971
2.11120330775157	31.8284058421851
2.26806225772088	40.5677789710826
2.288833461178	35.2175490220833
3.25712363441834	117.549203128432
4.36549631968958	130.690519762019
3.45133948125078	132.128017064121
2.09317480508526	130.916631344891
1.2780175237167	38.7111754221243
1.59327910474849	98.7540311575668
1.17800561927144	30.1326567401586
1.83886948466864	154.721397385563
1.31156082308519	52.4770683004223
1.15345591898586	31.4331671680065
1.28292346536182	44.6010498079705
1.1893656849088	59.1148082685279
1.62552152277241	107.214976106086
1.44710252383163	84.0002214070614
2.03612752516084	135.563273416927
1.42566150315075	79.8213108231214
3.77412896999916	236.403150164271
4.47558642892956	273.715492812453
3.03925622029082	307.086242365562
2.46830241682491	275.525657055634
2.75147688646685	277.313422042451
2.90963740308477	305.770080197925
3.00641329547608	309.820614714776
3.18192414540434	321.892046109787
2.80789849259903	312.249313916137
3.56467576220627	375.36005829589
3.02711467237474	306.779414562485
3.68650505459322	345.809568039544
3.81965623559155	337.513351176362
3.13659952198788	315.250294369759
0.983338533295314	44.3825518614673
2.42441792544136	281.275048657934
4.86628793240387	398.290758077039
4.84051713073741	390.872525460317
2.73515440929201	290.406984944548
2.88671337168189	299.409840267186
2.49521597176798	298.065244047701
3.28592100915128	245.570959616075
3.15584886125588	236.577932624092
3.53256916883124	226.768028963264
3.83089064306286	189.504356396775
1.15420493156489	41.1334518586571
1.22008623089641	38.8076768806203
0.905024331118673	8.1026974500003
0.907295709142488	21.0306903439571
1.12420943695071	48.2139328013419
1.30489935599917	89.6071884682791
5.18480416390139	367.067386591349
2.97677894036677	308.484199529499
1.06578680155749	67.0635080593908
0.887641563607758	22.8878760911739
4.1502995005333	440.186365278193
0.775449212390867	26.1719883420557
2.59140892828538	220.203236238647
3.57224291187631	207.924178546619
2.94067432006284	159.469835753604
1.48668298247321	16.4779154718895
1.57580644471636	42.8931329063809
3.73684624214594	242.987918638973
4.131491180763	183.025896831398
1.58079902127065	16.442113976218
2.1258420329541	46.6658358625134
2.04318347369554	40.9928820494972
2.03765137518557	75.0754149193868
1.72010768062319	46.387637822205
2.41699632899196	84.36599942924
2.13265539073061	72.2196669324316
2.21916560166505	68.5475115730192
2.7452290407215	64.522262876041
2.16050157601808	44.6542412837443
2.62443592053023	48.1277767664139
2.1599852576619	39.7605158937514
4.08150114953421	111.339098284029
1.42941647013097	38.7030239919426
1.3131317874213	35.7097884863252
1.78955272446152	96.8450542704432
1.71848474294536	93.7727569458769
1.28186881937472	38.6801041666833
1.1702237786003	15.7460628982404
1.38742357380943	58.5694957030112
1.32352324750536	50.8965654046731
1.26345310724082	50.6026036799671
1.49046703883016	101.219894996322
1.07295293490769	22.5087555887975
1.49347722293032	87.6803870471784
1.72562905569782	109.3905762354
2.51829792096562	167.2370083739
2.42127891269024	185.467626502978
4.54467906868984	262.264155580058
2.53053733038488	238.64652288462
2.03953066369576	219.901396591304
2.03248464552625	207.164428984702
2.78534526913215	291.751266554724
2.45040119761085	284.795337338646
2.17222723614327	246.708814860739
2.4546361085704	281.185571147148
2.30676611925224	267.413510420577
3.59389630584016	350.470578517421
3.48634231031452	316.447969998816
3.59921869577412	342.493679465386
5.10280158203507	352.170517622375
4.14052245994613	361.047105266576
3.34139502495081	334.924328878748
4.30515570994998	372.154564855917
2.10661077045072	279.56783576115
2.76250737463973	297.497997233104
3.17437046962109	315.944429956779
2.64137158330261	274.301962518253
4.38446512448653	313.364325627829
3.06883228947323	241.333512420675
2.87671373224592	221.792269985376
5.9080012958427	205.022192046552
1.04324289947181	23.2233009995616
1.22559375193174	49.8658143619402
1.13778200847344	39.5949106151527
1.1663561668247	52.9190627541394
4.87015293732584	339.439460957689
2.97789115488027	302.018491732007
3.4351438563807	291.694930040295
3.57398264321148	244.764446208673
2.38136478957964	324.586775306502
0.905321381404065	52.5981585246626
1.24284333828837	18.4621393925045
2.02393851734814	95.7306848115839
1.75408874664572	60.1895941548136
1.78594074489865	47.807043223893
1.57063155352432	38.1178253064662
1.38666509915856	40.5160529655569
2.17669701119507	137.235118230171
4.62632266465561	188.037289023782
1.61693966016173	79.9713763827455
1.73025510687148	48.3197458270295
1.67900396539335	50.2886311206131
1.66588225787163	48.3336617185127
1.92120671207152	55.8096166395339
2.28402411055441	86.9702441946641
2.64223464890379	94.3303015316809
2.36490744359064	54.5957408247366
2.14166951936204	37.1006009296396
2.26759915228468	42.3806444907677
2.24748702417128	56.6041182460032
1.46003220504099	22.1796457783939
1.58872160784085	42.5242076022406
1.61335725879886	68.4924986424704
1.60161493695612	74.4828404191274
1.65103251870278	76.1610458859699
1.40970195876434	51.350793798454
1.20037145765491	24.6022745655272
1.48370438026541	72.8991839731842
1.2434430101348	29.3910513747104
1.45150840355527	80.1300787803371
1.4329276986	97.4162856560846
1.73578418572502	146.02459148125
1.5588419526588	115.424198421177
2.48735433555002	194.905007850613
1.11343753109395	20.5822208412173
1.28809780963638	42.5015341400357
1.27653763591297	38.0605821271913
1.19002202588308	28.5511494648743
1.18704860598547	57.8128986758466
2.6811060122418	252.498925466825
2.99350035048008	290.105118250505
2.38160183077038	257.351993607954
2.2744395442531	264.136414998187
2.09919096718769	253.779463490454
2.21214306352958	258.380498342535
2.65185218308132	291.522561724326
2.55492921223283	278.934536272599
2.47532664881792	260.676132802297
2.48780362409045	283.805499877125
4.98763848783546	343.235522383527
3.49968104276511	329.287194002787
4.10979313506846	349.658790176992
3.08911506263234	310.730980878366
1.01182880395297	51.3734263962861
2.69018775239539	289.062139071945
2.90194816371839	288.752603118017
2.52413003219064	251.65899019037
4.06998696803474	307.900188118828
1.27591420800461	55.912164413144
4.22005841376945	216.317070952503
3.35513947311095	241.122364968299
1.24414768181828	52.7974128566064
2.62856918154759	180.377473520611
2.53909827927262	175.142291434718
1.1618047427566	53.1100765612995
0.978859991612354	30.06601408877
2.7760898067039	388.503534498898
3.21396907823415	331.737637851459
3.28299799683766	269.578338034291
1.27961627871832	59.4740284155931
2.42247373469451	301.499861279945
1.45703476810292	157.12771559387
1.96448779636421	190.213060632338
1.39340689124026	24.9194346692812
1.57633906364208	51.1541542037449
1.55903285542445	43.3210526121036
1.255826672233	15.2735478843966
1.37121197165925	47.0764608159131
2.12490370805608	175.172538688262
1.53413559870751	33.2669149078628
2.41612634407201	155.010383584608
1.52922996268387	50.6559977966742
1.70587080703763	52.8895241868898
3.53665256064154	136.998092327962
2.33060864457252	110.499244120948
2.12013368034059	97.6794724544787
2.25285118175816	97.6779452703307
2.58740784996189	39.9109176005004
2.70343560769231	44.8680281290369
1.99390103360201	33.1758989424852
2.46097359057239	21.5895597072758
1.66753016901202	25.4843120136065
1.94786214016494	59.0383357863031
1.92109420170868	84.2023135761865
1.4371646415309	57.9367834568891
1.53671089069121	67.7774124378859
1.56413857967891	75.0020658177806
1.35186810861342	55.5947588704291
1.2464179196395	17.418630166445
1.32500332301424	49.3953476290333
1.20896179943471	39.6495411847117
1.43101565542787	107.97997853659
2.7245114329046	265.381549448874
0.906993320238598	21.2972095867316
1.07102041349486	45.4251919703116
1.17107466631569	33.442466850509
1.21093376808881	34.0900077093074
1.14439060190875	22.6347045482348
1.17544379492756	28.8439732843545
1.08094805703581	34.3283971887552
2.68326809142387	277.851722263917
3.4484967179259	302.519948856055
2.55555615033724	262.954473862245
2.36442206687098	269.895670771487
2.19152823873618	267.622540366606
2.27831702362619	263.863967389841
0.940046979170367	21.9426253643276
2.9529256160509	262.522953022455
2.46910774827533	252.666159764347
3.86883789081598	309.971500088805
3.39096043618554	313.302312811298
2.86540563525647	288.759011617686
3.28369465772123	313.323376410594
3.29209941191429	316.78679395194
2.75197852239109	281.80704939419
2.93228547478537	276.106293830776
2.5735435374844	259.895742371144
2.94765519143417	264.18836506615
2.88706272305126	258.07259458342
1.23775714891971	49.8556007697016
1.25190998959232	57.4632490615298
3.27394763886312	204.746521950044
1.44966911283603	84.0292775071934
2.64072376507825	194.830290698706
1.17078576486571	47.2141697138702
1.03033697201467	32.6900330628988
1.0410197849431	29.0266782761323
3.10865679523084	238.55067643361
1.18373283544747	22.9653961762606
1.8638556392634	164.590425557147
1.4603394429544	123.709790537689
1.35799312917516	17.6353716363664
1.35992804150601	18.1288068295389
1.28830663964618	14.4023716237279
1.31003153865458	21.8730972514896
1.26312364920796	22.8544974909623
1.28682899180194	21.5843034894318
1.95271885008984	167.038108126611
1.33402704228724	57.2722521212392
2.600456353071	168.834752071236
1.81367775380113	124.06305140991
1.38186821394538	57.7762651879055
1.20313427163653	25.9368715515015
1.76103855296651	78.5916721457196
1.47220839570582	62.6185128112609
2.20087533646779	83.0249604298826
3.06084133055993	62.3533059285253
2.79674494673964	49.9801284077695
3.29605606773522	56.0216041025941
3.18270793352621	63.7841861878813
4.77020078172394	113.981303554207
1.89485997715929	54.7572053290604
1.40799242269713	13.9427092570696
1.5893875354941	35.9034818363989
1.96114591902727	82.5287860291362
1.35320091691972	36.7189767114651
1.31118078966392	12.1699663895706
1.11636629165577	23.6264504756672
2.40261633968716	224.990840519925
1.21534710122069	17.2202024487614
2.38052338431646	195.244902213662
2.08388715823639	152.411011652011
2.30655675558116	187.810048068307
3.18037313926014	232.871622469459
1.32304711502249	65.0313957515143
2.71554590406511	208.074235561772
1.43928532826641	59.9959576253361
1.09784330055118	16.7921247426421
1.12317495738898	42.9881299387255
2.31380216052924	208.088012281789
3.2092193718304	285.177091170735
2.83794543393539	275.772059084464
3.19581027672572	305.879572111633
1.9582326817573	259.425053991793
0.963658233174101	46.1157929020259
1.76696956465928	159.25669496551
1.63635904839545	146.98171883044
2.35307264201449	230.397399282326
2.41072598824826	225.906603204208
3.0083748953183	273.891490493851
2.65563590771646	263.983566679801
3.38535333507208	310.525175365138
1.00636256084545	48.458290991519
2.67165052438184	255.364435485268
1.17547928145487	49.2078603341653
3.2816175404322	243.610700580773
1.11921829563171	51.634402354771
2.83350603763476	253.079408356756
2.17358512720273	204.891845034072
2.28591129578635	188.889671084972
2.14117044741672	163.426882489635
1.91410298695406	147.381436871353
1.02706499571233	60.5132219252406
0.975668325503648	18.9926156065758
1.08823039720301	19.934813233267
1.07732904281329	52.9093384513825
1.38564618242617	88.8208339515731
1.32677032870106	46.2730598781975
1.24787671276079	24.7135112284125
1.40042817945505	45.0868543771394
1.37089051277508	33.1760163320269
1.45458476844942	27.7170843412459
1.94665756628092	56.8245207467481
3.29098543084116	307.818899546545
1.10419516316688	34.3361210006787
2.68451962881772	209.554656314321
1.54565862029467	99.9519464077536
1.55846832305542	100.739166733183
1.15404496089923	36.612977911472
1.30286463785045	50.5855473116451
1.23538142331381	31.5924524708243
1.68331419790047	54.0179211869979
1.95141034352128	21.4027558867528
3.22484186756173	65.9307326848964
3.99209120031445	55.8495807056314
3.51253897360341	47.6659084828176
4.0906936001809	67.8647664850698
8.87828014382833	101.031810915182
1.93404657171777	46.1407911337919
1.66939847031608	59.105058312183
1.69200678299239	58.2987325633221
1.74751437528266	65.2528613815806
1.68019718128198	37.9614721954933
1.33059644931564	17.3208917882084
1.03660502061939	28.1458540276007
1.14382560812037	41.3268130262137
1.09775215147044	20.2289008013957
1.79115633520788	118.773893834726
1.24716282419831	55.490964015047
2.71189606372582	186.211531645192
2.94851844878957	199.403782981374
3.87753249886205	239.992758356757
1.34388342769896	69.4151052836356
1.1454074194744	37.8130265730542
1.11136938886557	45.7058690675969
1.03578778838312	28.7251920362332
3.00781156255223	254.545135637566
3.06000012456385	238.120409264887
5.23292571979464	301.200183114174
3.87787032798042	285.429343243558
3.04912356526435	264.699156832198
1.17285631643608	60.8058278146203
1.2156425061692	50.9910796539592
1.16761557620873	13.3671476722737
2.25091700605274	197.960216009617
2.20383535461156	189.965792668927
2.29014321234496	213.620835030019
1.18333472539962	58.1596537713701
2.16550025441145	208.614984438022
2.67698625632843	241.804744286573
2.49121429770792	216.298401876005
2.72098738797337	240.713956900871
1.11973545964685	58.6832986320241
2.62023044648592	251.947991613907
1.67842655618219	117.956499991716
1.37206381233028	79.5612853654323
1.11163729458368	49.3514276890006
1.20517224779587	61.4339629424409
0.96242284170259	30.181257218214
1.003099676537	32.0539915363715
1.06282971560483	33.3853497436144
1.22625851432696	49.7917540177581
1.3224622863454	33.4723129002012
1.20358293632779	48.1723704099741
1.41190635482781	56.6015162958065
1.23024029958819	20.9526477960445
1.39743298664689	38.216186175123
1.27103114402416	17.7585791228902
1.28494672616944	27.4770223461091
1.22477195596457	67.7286864827418
1.79127013196345	133.401552551696
1.07900656255879	31.5290093613312
2.23442500984956	181.475608834926
2.23947500569334	189.486508008213
1.73021620801592	30.2424143195894
1.51984603885649	26.2444235217517
1.599229360756	19.0669481263904
2.42130530963186	47.9673647214075
3.29175305065645	79.7464963238875
2.86475768056699	56.0863942386348
3.5030742844974	48.0939507399016
2.59224195824936	41.1263080236967
2.45455386815593	43.5611655153333
2.03879460855387	50.0649760788072
1.72271234937943	17.728476775228
1.49803870156393	13.4039545698597
1.6116546660196	44.6200908633183
1.6196425608814	51.5165863727091
1.28448345744982	26.3511385885068
1.18325759759121	45.5610551958175
1.12681776038244	45.0601648269608
1.1688286472482	51.2607089974398
1.25660637004285	65.0561688187268
1.82785785036643	134.772204295205
2.86366741781194	213.955577079998
2.16389486906041	141.165478387582
1.82755170823757	117.686612857261
1.40728931391141	62.0021349966472
2.8941555599323	184.612946395969
2.6061876198415	214.494385524025
1.13748593731725	30.8367208900235
2.72116483266174	207.062191743578
2.79079581926019	226.09648705998
3.09411110415122	267.950734055148
1.10431223648698	47.928043790119
1.10149219263365	18.2109414801635
1.15440223889163	44.5955801042982
1.34111891469888	58.9610834192357
2.13090768498945	166.987637790612
1.1860280708955	34.6200261645141
2.15457072356289	192.597861945097
1.14434286275864	33.4369218526243
2.48797845979978	240.084026276408
2.42621053281493	194.237497548969
2.48648961680866	194.043302243699
2.47051164040816	194.591404167048
3.18434648355639	226.154995873137
1.03154885010241	35.8839800487406
1.07976516813449	20.4876434196889
1.16319550198331	46.1841460928889
1.48953359673575	94.1702976361112
1.12026160126044	54.3410851744226
0.964271275160598	37.7754267649669
0.999194051162931	47.1702329065038
0.98772695390732	41.9049387365708
0.971945115972858	47.5516363041418
1.1088717018356	23.7701680266946
1.11338166057431	31.3134558735992
1.32921397937564	53.8466350415459
1.25646103509087	17.925610328907
1.43347186738876	52.016845039073
1.32894425563427	29.1383626597052
1.60800241195648	53.8525004279956
1.12165495975773	19.6636616774394
1.41334075535815	100.572359329775
2.97055780651578	250.351891616611
4.54669933352107	210.101027879433
1.49232067623447	36.4954739192344
1.79826850488644	19.3261036963681
1.79654280606337	31.8947136100179
1.54302613113396	23.1197865996601
2.02676600124687	53.1421492248772
3.8017646612114	95.7806078581637
5.93977777332344	80.3178295997349
2.46725954257272	43.8943409899257
2.6731682743266	40.2307384616942
2.28422650747234	30.0811753078306
2.93843396828243	134.488696392526
1.89511914481409	24.1984783582157
1.77088354168154	49.4649659339794
1.50821845163591	14.2671457888791
1.40895490138791	40.7836729403352
1.14821921038944	45.2016850901493
1.1312554601609	43.7601176658062
1.54172183478283	106.384315984585
1.17417907695381	48.2777481228043
1.08382344870006	34.3220937172382
1.37764773853387	77.9971561070564
1.43641141415059	80.5646602018488
1.70591058002207	93.7315151256275
1.89760847908917	127.389765707615
1.80822327112833	108.612546148894
1.30127232634172	50.1715630822736
4.86475547286761	244.790128454745
3.45264440700772	209.089023588112
3.76607690709718	217.237956877963
1.62276129007363	113.009643138912
2.91473545365628	202.604031466414
2.84498928157617	207.209751384334
1.13074705329035	44.1616499988411
5.18770835832854	230.322444209728
4.2869634037373	204.12489269518
1.2300823558362	56.1096667594301
1.43050315103295	96.9133077832985
1.21727920385441	62.4484670371326
2.77826308126737	250.187444727863
1.19046626884938	64.114609990042
1.20844825464829	60.4991588690319
1.92058830282322	146.650074725983
1.0419682398833	25.9197199296704
2.35310010611879	177.907595357856
1.16119351856619	46.8229827109572
9.37326067659058	231.27226510556
1.21390000665355	28.1004783902694
1.22854299063727	29.9998105283781
1.42199253772953	55.5607392835664
1.18963641445585	57.0195315505981
1.34023194374506	84.7116256539955
2.45513950705001	312.332364642671
0.954509347851854	38.0090107836294
0.891924287096629	20.2258759057829
0.886927861813092	24.4770754801961
2.06612326824665	182.855443842729
1.38766768676978	57.2137801405631
1.29258686869275	17.4354828609466
1.21138435573084	16.6462080963829
1.56263700588147	52.1471135987189
1.55406096280512	55.1988799201821
1.39929866371676	32.5472402554004
1.32276944387343	32.1992718880953
2.28889678381353	173.161270756977
2.86405987366269	177.905510781984
3.71703308205939	144.27911363792
3.95227545341735	127.574041190814
2.18531864183024	11.2561192796565
2.52645158115774	54.638079565484
1.50912200869061	26.0153465578332
2.49851637484971	86.6221715770081
3.69547517395709	102.931434270504
2.84323614657478	76.0762003925808
2.19070913328324	16.4206389919564
2.44729281066975	45.8141108548079
2.48060841709958	36.5962911351672
1.73031588591402	16.3604406777594
1.88081127434543	20.1742130082312
1.63262375374325	13.5111315847607
1.58805570332333	13.2289265964645
1.52897449023658	46.1454951261676
1.41892308043316	29.1084844758734
1.20686132647097	14.6937728594057
1.22664209139839	42.1795466936748
1.13914941698317	25.3670447063988
1.09016486684527	27.1483518363881
2.26771651930262	197.046581695497
1.57823373511538	97.7696482373102
1.72925242049812	99.4978931680442
1.271495132886	30.7841504980725
1.53757662927381	72.9278103521098
1.41056045991899	55.8541472959061
1.43429444685523	75.7856841105685
2.92609891400037	206.898814958067
1.1563640175111	17.5706029141622
1.37420672948718	62.5841007406866
2.46785999259012	190.127463684528
0.980663180004512	24.2709650903426
1.05257476047703	18.1374464466067
1.14380860996081	28.1029372739749
1.0125707743282	20.5869929070904
1.24712186201577	52.6131740286967
1.20319446908135	57.7008957623939
1.11592353778949	48.2770164480566
1.49792561400214	93.7945655365811
1.54195084122228	91.3578209448123
1.0617103547314	39.8193875942756
1.26055813857971	46.638512540653
1.1275278878602	17.4852710641863
1.11939549790702	4.5782128198285
1.24285776951483	28.7565640762699
1.1920551575323	26.7824995002456
1.29924990376792	41.5387681955194
1.69028186173447	123.086925183438
0.982964406547467	24.4868212776518
2.89438189343108	357.981768175577
0.872703173533835	17.8324402843568
0.996087325911503	53.8362391925475
0.959885124428638	51.2543261530294
1.180940428545	49.6297952903115
1.20801765652141	22.2740049469575
1.308036015369	16.3128881051671
1.2635736796198	38.325276480291
1.7885304387446	41.335666944337
1.81842857302911	59.6605406682346
1.71424352114207	71.1447309325858
1.42852486266915	29.8654819895038
1.4653617664826	43.495852485259
2.93429515544204	175.403418734572
1.79209219425684	42.8923584770236
4.24175527053972	132.504724157401
1.57825264586233	18.3755072064219
2.48767844562553	50.0980971797053
2.25670944800367	44.4162950509054
2.55123468372039	68.6182653625725
3.10662510049863	88.3034995373462
2.76136185824556	66.4434515835728
1.89821618025144	21.3139751408664
2.28327861701837	39.9044373374491
1.74225238732834	38.2205039198597
1.65787285135593	31.3034669685295
1.83905067383239	45.9803123493546
1.43086909127874	18.4874953709177
1.44229988991299	21.4611166848748
1.54471398367025	49.2535955595279
1.50828687086323	68.6856715543724
1.36851717341506	63.3105567512734
1.09206783818081	16.2073783867527
1.22092776661339	20.5198527168718
1.94873554480399	140.849023571496
1.02309896607767	18.5432895237537
1.45723792391755	91.4816224960973
1.48587978002251	79.3205542401687
1.28199388868234	35.5702147888296
2.61084084852337	130.526021042202
1.17503551852383	19.8065053826004
2.37979633749984	205.934801309517
2.70848144160155	266.414001619176
2.56579699960175	245.90427405873
1.35080665204521	66.3039703307925
3.16751871837506	268.859579668179
1.10922893685578	55.1365508266151
2.25349867367098	260.071152229546
2.61318922279075	271.73469440281
2.36449689232043	210.144950737591
1.21697578186229	43.9798004766568
1.45748983582598	35.4715640261858
1.36395653460862	24.8730763449725
1.42373179433366	55.4464940759883
1.36617932756798	36.0429729951013
1.09824699532437	2.09424521059222
1.14676133462437	2.82995055929019
1.09083969355326	4.91451861623239
1.21399732642522	24.7344721389466
1.41102295439238	51.0468688002722
2.18100381278169	161.270171266327
2.20198521505962	153.979240557853
3.297528741038	361.189411793087
3.02512077015656	377.774647664728
0.954295784324856	56.9995882020942
1.84881060139754	130.371488008692
1.16052733161723	34.8310869366393
1.25867532127816	38.0720342562656
2.4709115440651	169.721482975709
2.42596443517186	137.916664736911
2.01275533754101	93.1949972783167
2.30287046707334	109.936488083531
1.38344355701429	13.7470339552372
2.49806238728616	140.887613297424
1.59604693974877	48.6236788574775
2.07908281278833	118.25317081121
3.13340911625005	101.956463500973
1.83565553510562	29.0276946267113
2.1429382963106	39.9896068952511
1.41103896256531	10.883738973075
2.15530863551248	49.8993600293543
2.18234494933859	45.5266741644593
2.31433048073086	62.808236524594
2.05396962864324	36.5544571406206
2.03739704983309	25.0127113005147
2.78280872643188	126.200243105581
3.04839296896958	142.94091737338
1.46122287482649	39.4707818614696
2.03237479728228	103.416589689957
1.29014551906937	18.237518483864
1.95378970250922	97.4797226954643
1.58115882395418	83.0147702873679
1.47186527277034	69.8694809345512
1.09034573369202	22.1951421717621
1.47306086245226	98.275703899883
1.11514681240078	28.3175836150185
1.9078631607266	166.735504160863
2.20944264602218	188.70843769922
2.01899735067595	150.074111287163
1.34104244521586	55.5445392345138
1.24747599835973	36.9599267025477
0.955029731783384	27.7960218077375
0.90756217495586	19.6846154733903
3.20489747627091	362.099110852322
0.994002582621761	18.6756153152673
2.89142789901305	238.970956376602
1.30631716013886	49.398983727093
1.24295079450531	42.314512037301
1.10534819338773	37.0274142890706
2.35020912655	250.685652934009
1.33169611902849	48.3330763821213
1.55370105576003	32.3945099678531
1.52786012139904	34.1907849925109
1.31684816869324	33.3109720152526
1.23746520866399	23.7468819454119
1.14892397564463	2.50558239879145
1.28185335646047	27.5893188285004
1.12132256396869	3.73223263574815
1.18716949847294	15.5378037364717
1.4061871431966	72.6534291350294
1.69836927531269	116.777774525888
1.06504368232902	30.3063941559406
0.973818077401653	20.8382629779278
4.58436836620715	405.515060385971
0.824012945711729	29.9534104672712
1.12449154451986	48.0535559324126
1.11423062247417	41.5473768129897
1.58012739782734	122.938249338388
1.10032954577141	34.1797279476393
1.77256546919792	95.0294468535313
1.52153828435917	61.6689689353252
1.37513595714472	15.7151318872945
1.30934008021222	39.0730102923097
1.56590780974398	71.0566835270042
1.42939794575795	15.6855605542659
2.40865067862647	114.973626613416
3.73906878572166	103.525383540216
2.21082728460897	47.5067060170115
2.37098633451387	59.6822892799971
2.12686801781865	53.8694211705705
1.97363122037495	52.9140764434126
3.63489161935286	110.000622973355
2.06133132514242	40.9430725650709
1.90144972596318	30.0059000712353
1.67244983604178	58.7115767707581
1.53390127227885	20.1957267123829
1.46348193034237	28.4738677564982
2.14381246667661	113.868731668171
1.82299474332694	89.220225151218
1.33431409291637	35.3326463830359
1.21728674771967	18.7911722767013
1.4241223288825	56.4021133854739
1.42995232115936	59.9564838055264
1.23258384531528	74.6137454739703
1.17239710292779	63.7522254096112
1.3476667295426	66.9103071715911
1.11044935782365	26.6407111716973
1.16687800455838	12.7306928806939
1.21264817515839	34.9123177699074
1.17272097658315	31.0956052569082
1.03092994326516	23.3793688748009
0.940323380975485	27.5254216879682
0.965493806530451	45.4951648164329
2.62900373377236	303.578226536687
2.61502634185362	314.818416658658
1.16998758731575	30.5316359550174
1.29584712500878	20.673431570756
1.1032858068138	24.8760065089335
1.12500100838952	38.3959120073122
1.26020531577888	54.3236156360926
1.75374875057423	119.232297497497
1.37678423828692	50.7709878333609
1.48824233617052	31.7604234858446
1.22621710388921	46.6796761782607
1.20775244448191	42.8840658598224
1.29148750471904	42.1900957488152
1.17853712581268	17.2314270263752
1.50668716816012	89.0069107709062
1.20653884845682	58.091286116059
1.3383410582025	79.5177110170861
3.35791126977658	340.969360193467
2.58193017971733	327.79662199747
0.844883047410314	22.3057651074553
1.27352820526505	92.5781403454467
2.07089213344412	166.654224959098
1.18843431251006	42.7278271181459
1.65817617174222	94.1148483644292
1.26058776431846	36.599264824218
1.87400601131639	98.7213358021824
1.26110165694627	37.5590269998337
1.30964805888591	53.0946712306264
1.46794055704959	57.9818685596109
1.61864158096273	56.4668259895184
1.5040821354487	21.4837019569095
1.86104917558259	65.9398500682584
2.57393321173731	104.403576285986
2.23745274581415	71.021522320284
2.57434112242214	111.316039742138
3.16217208737453	140.408456183776
1.92650346621304	44.2436021616795
3.44519821647389	146.214817360136
5.4897952024079	161.900567860088
4.00123477333605	189.658610663361
3.05715368513827	144.234903818236
1.68283755865446	59.0757302078953
2.18782845509122	103.989927127739
1.32009086681404	37.7686946603007
1.4227463293355	63.2321928172603
1.24891377209133	30.6571717187471
2.09477920487428	152.564019390075
1.34210789182907	95.1823031769469
1.48992542191627	113.960169474989
1.14229070705721	35.4186825935412
1.327172898581	57.3890796333902
1.22474116733792	53.3753271609639
1.21348657827366	56.5441559126402
1.17164502625383	30.1700515785452
1.48049528540582	63.6642791963312
1.01162247658795	32.9781613982231
1.1386545175178	78.9540650835588
0.883704146705753	18.6589302809538
1.00582794187972	21.2675388166125
1.0952850386339	35.4855302989599
1.86117129100194	141.503046821099
1.32999491015471	27.839646765682
1.51215081557166	25.6029072348611
1.52495057976557	33.2283346613568
1.07909276962346	30.0060947907324
1.32495401143581	48.9650668862417
1.24422696134206	38.8674299276008
1.24114463505975	48.0777378678103
1.25721386359314	50.178239978649
1.89065001675425	165.972421492321
1.73924264896555	138.63745394661
1.29741006011756	63.0234595204656
1.04550077892833	55.5899621700996
1.03021081869701	55.0929849267112
0.880367736169631	22.2703153314387
1.01699285124778	40.4675024630998
1.06443370275014	42.4067624006742
1.71494960218399	114.85802477741
1.75744102699958	111.41212027504
2.5423523952777	142.203108928094
3.02213778644131	152.959267360718
1.33921233562796	49.2677036331824
1.44308533746516	58.3001704374619
2.24450083231932	130.301726225687
2.94593705015997	168.569560918854
2.6797658538627	134.366945466662
2.37804445601665	113.859209205602
2.36805666072542	120.844879894385
1.41663771855724	50.1547780395121
1.78919230586962	80.0112997005098
1.60967493660667	51.3652100669343
3.20549073129786	140.349355096607
3.20987538691905	131.877045275451
1.69845848507248	53.1020963467891
1.80499697104096	31.8741228170693
1.51556117169093	32.9477464052032
2.22106182169227	102.154746808279
1.60867937139301	56.2635959934877
1.88019420107946	117.997845855468
1.57819417628343	67.6897159773072
2.15730243011126	164.180476448589
1.50981223178496	57.2246653138108
1.37656296789646	32.7720391284674
1.42201288899969	36.0076806585937
1.4891285712074	23.715518288256
1.48400425981163	59.1351345525779
1.39079180557746	56.6338933200459
1.12145136465051	20.3701158099681
1.70158814099129	117.243183720464
2.03123045401253	162.672391801403
0.955462903202572	45.9115720136888
0.984606485048088	23.1771610689897
0.886551439677951	25.7235926714092
2.38163727259457	292.367808563528
0.950505922664888	21.2929251607857
1.28490830245573	47.968938873568
1.2543125294153	42.4178010515182
1.26617779461412	52.8689533414943
1.15637347161834	32.8345659560169
1.16362173386763	50.0772553030463
2.80233614149418	265.403653274383
3.63378597025878	338.293194372177
1.17768185329809	80.8340425684939
3.44263011089418	325.09308729298
2.39271462538968	236.058052775496
2.76400581650547	252.190502362495
2.21872682900971	161.393320300908
2.16356799843097	139.084320350444
1.98477454212991	104.444223602482
2.62433508121154	153.185601873306
3.73916807135495	166.813859112717
3.95536239870633	162.782429419982
2.83849017526789	150.449613046386
3.04575658507033	182.623381385635
1.72197907699656	71.3966141596517
1.32532566112786	30.3274423668918
1.77297046599284	44.3905088875316
1.46495006050827	27.4736845230327
1.28620793763548	41.9250423726625
2.13490454431462	103.917273726823
1.67920115579318	49.2113648305176
2.89895886054227	121.524928932466
2.98132941344875	121.177109725196
1.59881268985737	23.3516155105099
1.65181632300664	32.5730217844466
1.70782070425048	48.4650762210148
1.70010448274115	50.4964709742634
2.10637909208526	119.44563257354
2.1951344703328	112.757994901664
1.36140478317066	21.4320117479496
1.57957194480696	46.3726381453451
1.59464328180184	37.2945493522709
1.46806491146708	29.1290648965331
1.28241498349234	15.8283809926362
1.40967331616639	17.6390311703729
1.38751412128795	38.6504408147831
1.2529414165765	18.4017747514882
1.40425366110389	47.4300545837181
1.4374217986292	47.6681229696934
1.45850590372675	51.3153628033707
2.39041095381203	218.179177743801
0.950790551132286	16.1855722519063
2.77065248498671	317.115355726134
0.980540423915954	42.7130452740091
1.25398064699402	52.6072773481611
2.09444229380704	225.192347529243
2.68255051490406	288.93994071121
3.16952190136706	304.841520139762
3.32732570213127	310.981020582581
0.972188857661905	32.5012881468286
3.13374607688363	254.477954629885
2.42504420301944	194.605736456447
1.10118250945447	15.619419885822
2.31704260019774	90.8468271217122
3.14686523123328	134.835049851724
3.0818060837919	169.128417782194
3.14414272406094	171.338656194438
5.97358998639118	217.760759260515
3.58067151111204	204.541795656242
1.18359974414559	31.7987183961143
3.36191449490332	178.940365730414
1.42782315157819	23.1638925259176
1.73592049364379	17.8613798256902
1.94904950168984	66.4445888576545
1.4342740510765	33.8593208842214
1.98202898154722	79.5067962955758
1.57636749166704	20.8240429305806
1.72390957323842	17.5427004346492
1.50947223015828	39.4431948881536
1.49830549514445	26.22229376647
1.57817712984979	16.0047010928393
1.56910752411932	20.4831775524653
1.79310342168901	50.5269319898796
2.78429182277522	143.39506119429
1.41868943441659	31.7431317083538
1.327167323092	19.0010425426299
1.98781181280117	55.3765689643931
1.50811573846295	29.7675981681713
1.5678242999129	33.5024799450766
1.41904154531949	29.396222154086
1.53321205752036	27.246797280436
1.5173853150045	25.7523735141876
1.45642915173085	53.6668719402951
1.32196547060585	32.6079253733053
1.38724778277629	23.1683165605069
1.36920326257086	33.1471237017655
1.07716357922436	46.5929224852015
2.69708573368856	284.334664968329
1.00371721895694	36.52710358572
0.971233789979124	13.4882316306642
4.25768478491918	314.930996344784
1.07565375647182	61.5176261568811
1.17046256934783	48.6421295355533
3.19559273085922	196.45108613458
1.11289937983463	40.4025226615944
2.72195553574322	89.9763368156119
2.89267931267232	122.313369486486
2.31279912471291	115.254171918803
2.77600264094814	158.880990182333
4.08789052812761	205.047185975289
3.27387212619068	191.467847617929
2.70280944345358	208.007108623068
2.42496355079412	163.120939455353
1.62384601968461	42.0360915694435
2.60175444464429	134.250910079335
2.54712578532144	115.959745947082
1.55769096294534	46.2477821406064
1.57144974873518	30.5363041875388
1.94143044388784	62.5178849189248
1.03201918551433	28.3314749505885
0.992581641573103	36.1805762701719
3.52327769215702	338.173932462915
1.08815228108898	28.7441502707731
1.19498206410935	33.6335027709537
8.44251711842803	455.244255270641
0.994742477600084	46.4234910302055
1.34717134733562	39.5467653737925
1.60080688114795	56.6252456010982
2.90067025627194	126.390200153862
2.55615611182503	117.228284305886
2.09180678026396	108.202252291956
4.26476936383614	205.960182520714
4.0207261815717	211.422394445228
1.29011972897486	44.9180469401331
1.16474617844239	49.9327767745694
3.27951842036565	226.348367734075
1.052656300948	18.4265176371555
1.11443418567967	50.2182453667707
1.15024004871613	46.7040152639621
3.24986980311468	263.200002562296
1.2847714167724	50.3866753242386
1.27177072799532	29.0748452109111
1.13142721193299	27.7338733676909
1.55108991043073	60.8156698912664
3.12147460684746	108.528086310817
2.3708849300379	99.7677352065769
2.65557877182539	113.972657404319
1.09591162027209	36.7901144059289
2.86363982092975	276.719830347223
1.15368961756234	41.2055503301921
1.43220013697373	50.7532675892367
2.69740726736248	130.262201653866
2.84034577849131	117.986304609671
1.18360776011207	62.6069503891264
1.20459142493928	51.1428823977874
